[FBX_META_DATA]
MeshCount: 1

[MESH_DATA]
VertexCount: 872
IndexCount: 2202
BoneCount: 0
AnimationClips: 0

[VERTEX_DATA]
Position: -12.87 -1.83143 -2.78667
Normal: 0 -1 0
UV: 0.704042 0.511529

Position: -12.87 -1.83143 0
Normal: 0 -1 0
UV: 0.704042 0.58177

Position: -10.478 -1.83143 -3.8232
Normal: 0 -1 0
UV: 0.63954 0.478737

Position: -4.50784 -1.83143 -3.8232
Normal: 0 -1 0
UV: 0.478548 0.478738

Position: -4.79938 1.78769 -6.82358
Normal: -0.0718077 0.725268 -0.684712
UV: 0.414161 0.781812

Position: 1.17709 4.803 -4.25424
Normal: -0.0465411 0.839116 -0.541958
UV: 0.575322 0.712528

Position: -4.79938 4.803 -4.25875
Normal: -0.0175616 0.668114 -0.743852
UV: 0.414161 0.712649

Position: 1.17709 1.77942 -9.35738
Normal: -0.390331 2.11868e-007 -0.920675
UV: 0.364202 0.985653

Position: -4.79938 1.78769 -6.82358
Normal: -0.390331 2.11868e-007 -0.920675
UV: 0.539249 0.985874

Position: -4.79938 0.743424 -6.82358
Normal: -0.390331 2.11868e-007 -0.920675
UV: 0.539249 0.957714

Position: 1.17709 0.743424 -9.35738
Normal: -0.390331 2.11868e-007 -0.920675
UV: 0.364202 0.957716

Position: -16.7523 1.80306 -4.23018
Normal: -1 0 0
UV: 0.876092 0.986287

Position: -16.7523 1.80306 0
Normal: -1 0 0
UV: 0.990163 0.986285

Position: -16.7523 0.743424 0
Normal: -1 0 0
UV: 0.990163 0.957711

Position: -16.7523 0.743424 -4.23018
Normal: -1 0 0
UV: 0.876091 0.957713

Position: 7.15357 4.16656 -4.25424
Normal: 0.160198 0.873172 -0.460333
UV: 0.736484 0.712528

Position: 13.13 1.7783 -5.17994
Normal: 0.271442 0.852454 -0.446813
UV: 0.897646 0.73749

Position: 13.13 2.99274 -3.41179
Normal: 0.271442 0.852454 -0.446813
UV: 0.897646 0.68981

Position: 7.15357 1.77942 -9.35738
Normal: 0.13648 0.876094 -0.462421
UV: 0.736484 0.850139

Position: 1.17709 1.77942 -9.35738
Normal: -0.0663656 0.871786 -0.485372
UV: 0.575322 0.850139

Position: -16.7523 1.80306 0
Normal: -0.367755 0.929923 0
UV: 0.0918378 0.597808

Position: -16.7523 1.80306 -4.23018
Normal: -0.367755 0.929923 0
UV: 0.0918378 0.711879

Position: -10.7759 4.16656 0
Normal: -0.239006 0.971018 0
UV: 0.252999 0.597808

Position: -10.7759 4.16656 -4.25875
Normal: -0.238818 0.971064 0
UV: 0.252999 0.712649

Position: -4.79938 4.803 0
Normal: -0.0530199 0.998593 0
UV: 0.414161 0.597808

Position: -4.79938 4.803 -4.25875
Normal: -0.0530326 0.998593 0
UV: 0.414161 0.712649

Position: 13.13 1.7783 -5.17994
Normal: 0.572901 -5.68406e-007 -0.819625
UV: 0.00641155 0.985625

Position: 7.15357 1.77942 -9.35738
Normal: 0.572901 -5.68406e-007 -0.819625
UV: 0.20304 0.985654

Position: 7.15357 0.743424 -9.35738
Normal: 0.572901 -5.68406e-007 -0.819625
UV: 0.20304 0.957717

Position: 13.13 0.743424 -5.17994
Normal: 0.572901 -5.68406e-007 -0.819625
UV: 0.00641145 0.957718

Position: 1.17709 1.77942 -9.35738
Normal: 0 0 -1
UV: 0.364202 0.985653

Position: 7.15357 0.743424 -9.35738
Normal: 0 0 -1
UV: 0.20304 0.957717

Position: 7.15357 1.77942 -9.35738
Normal: 0 0 -1
UV: 0.20304 0.985654

Position: 1.17709 0.743424 -9.35738
Normal: 0 0 -1
UV: 0.364202 0.957716

Position: -10.7759 1.78769 -6.82358
Normal: -0.398071 3.82675e-007 -0.917355
UV: 0.700411 0.985873

Position: -16.7523 1.80306 -4.23018
Normal: -0.398071 3.82675e-007 -0.917355
UV: 0.876092 0.986287

Position: -16.7523 0.743424 -4.23018
Normal: -0.398071 3.82675e-007 -0.917355
UV: 0.876091 0.957713

Position: -10.7759 0.743424 -6.82358
Normal: -0.398071 3.82675e-007 -0.917355
UV: 0.700411 0.957714

Position: -10.7759 1.78769 -6.82358
Normal: 0 4.56626e-007 -1
UV: 0.700411 0.985873

Position: -4.79938 0.743424 -6.82358
Normal: 0 4.56626e-007 -1
UV: 0.539249 0.957714

Position: -4.79938 1.78769 -6.82358
Normal: 0 4.56626e-007 -1
UV: 0.539249 0.985874

Position: -10.7759 0.743424 -6.82358
Normal: 0 4.56626e-007 -1
UV: 0.700411 0.957714

Position: 1.17709 4.803 -4.25424
Normal: 0.0530072 0.998594 1.05023e-008
UV: 0.575322 0.712528

Position: 1.17709 4.803 0
Normal: 0.0530199 0.998594 -1.1672e-009
UV: 0.575322 0.597808

Position: 7.15357 4.16656 0
Normal: 0.149452 0.988769 -3.72229e-009
UV: 0.736484 0.597808

Position: 13.13 2.99274 -3.41179
Normal: 0.192725 0.981253 3.5744e-008
UV: 0.897646 0.68981

Position: 13.13 2.99274 0
Normal: 0.192725 0.981253 -5.10629e-009
UV: 0.897646 0.597808

Position: 7.15357 4.16656 -4.25424
Normal: 0.147464 0.989067 2.80513e-008
UV: 0.736484 0.712528

Position: -16.7523 1.80306 -4.23018
Normal: -0.281357 0.703566 -0.652559
UV: 0.0918378 0.711879

Position: -10.7759 1.78769 -6.82358
Normal: -0.147391 0.701003 -0.697761
UV: 0.252999 0.781812

Position: -10.7759 4.16656 -4.25875
Normal: -0.146933 0.700971 -0.697891
UV: 0.252999 0.712649

Position: -15.3177 0.743424 -3.28886
Normal: 0 -1 0
UV: 0.0778894 0.784725

Position: -16.7523 0.743424 0
Normal: 0 -1 0
UV: 0.0392035 0.696038

Position: -15.3177 0.743424 0
Normal: 0 -1 0
UV: 0.0778894 0.696101

Position: -16.7523 0.743424 -4.23018
Normal: 0 -1 0
UV: 0.0392035 0.810109

Position: 11.6954 0.743424 -4.66412
Normal: 0 -1 0
UV: 0.806326 0.821811

Position: 7.15357 0.743424 -9.35738
Normal: 0 -1 0
UV: 0.68385 0.948369

Position: 6.86202 0.743424 -7.92277
Normal: 0 -1 0
UV: 0.675988 0.909684

Position: 13.13 0.743424 -5.17994
Normal: 0 -1 0
UV: 0.845012 0.83572

Position: 1.17709 0.743424 -9.35738
Normal: 0 -1 0
UV: 0.522689 0.948369

Position: 1.46864 0.743424 -7.92277
Normal: 0 -1 0
UV: 0.530551 0.909684

Position: -4.79938 0.743424 -6.82358
Normal: 0 -1 0
UV: 0.361527 0.880043

Position: -4.50784 0.743424 -5.38897
Normal: 0 -1 0
UV: 0.369389 0.841357

Position: -10.7759 0.743424 -6.82358
Normal: 0 -1 0
UV: 0.200365 0.880043

Position: -10.478 0.743424 -5.38897
Normal: 0 -1 0
UV: 0.208397 0.841357

Position: -15.3177 0.743424 0
Normal: -0.724768 -0.688993 0
UV: 0.83131 0.581769

Position: -12.87 -1.83143 -2.78667
Normal: -0.724768 -0.688993 0
UV: 0.704042 0.511529

Position: -15.3177 0.743424 -3.28886
Normal: -0.724768 -0.688993 0
UV: 0.831309 0.429526

Position: -12.87 -1.83143 0
Normal: -0.724768 -0.688993 0
UV: 0.704042 0.58177

Position: 11.6954 0.743424 -4.66412
Normal: 0.896432 -0.443182 0
UV: 0.369175 0.165777

Position: 10.4225 -1.83143 -3.64522
Normal: 0.896432 -0.443182 0
UV: 0.29172 0.193254

Position: 11.6954 0.743424 0
Normal: 0.896432 -0.443182 0
UV: 0.369176 0.29155

Position: 10.4225 -1.83143 0
Normal: 0.896432 -0.443182 0
UV: 0.291721 0.291551

Position: 6.86202 0.743424 -7.92277
Normal: 0.507382 -0.483447 -0.713332
UV: 0.171947 0.304573

Position: 10.4225 -1.83143 -3.64522
Normal: 0.507382 -0.483447 -0.713332
UV: 0.0759373 0.48354

Position: 11.6954 0.743424 -4.66412
Normal: 0.507382 -0.483447 -0.713332
UV: 0.0416097 0.392447

Position: 6.86202 -1.83143 -6.357
Normal: 0.507382 -0.483447 -0.713332
UV: 0.171948 0.410414

Position: 1.46864 -1.83143 -6.357
Normal: 0 -0.519577 -0.854424
UV: 0.317386 0.410413

Position: 6.86202 0.743424 -7.92277
Normal: 0 -0.519577 -0.854424
UV: 0.171947 0.304573

Position: 1.46864 0.743424 -7.92277
Normal: 0 -0.519577 -0.854424
UV: 0.317385 0.304572

Position: 6.86202 -1.83143 -6.357
Normal: 0 -0.519577 -0.854424
UV: 0.171948 0.410414

Position: 1.46864 0.743424 -7.92277
Normal: -0.340586 -0.488513 -0.803341
UV: 0.317385 0.304572

Position: -4.50784 0.743424 -5.38897
Normal: -0.340586 -0.488513 -0.803341
UV: 0.478547 0.372897

Position: -4.50784 -1.83143 -3.8232
Normal: -0.340586 -0.488513 -0.803341
UV: 0.478548 0.478738

Position: 1.46864 -1.83143 -6.357
Normal: -0.340586 -0.488513 -0.803341
UV: 0.317386 0.410413

Position: -10.478 -1.83143 -3.8232
Normal: -6.62589e-008 -0.519577 -0.854424
UV: 0.63954 0.478737

Position: -4.50784 0.743424 -5.38897
Normal: -6.62589e-008 -0.519577 -0.854424
UV: 0.478547 0.372897

Position: -10.478 0.743424 -5.38897
Normal: -6.62589e-008 -0.519577 -0.854424
UV: 0.639539 0.372896

Position: -4.50784 -1.83143 -3.8232
Normal: -6.62589e-008 -0.519577 -0.854424
UV: 0.478548 0.478738

Position: -15.3177 0.743424 -3.28886
Normal: -0.34755 -0.486971 -0.801291
UV: 0.831309 0.429526

Position: -12.87 -1.83143 -2.78667
Normal: -0.34755 -0.486971 -0.801291
UV: 0.704042 0.511529

Position: -10.478 0.743424 -5.38897
Normal: -0.34755 -0.486971 -0.801291
UV: 0.639539 0.372896

Position: -10.478 -1.83143 -3.8232
Normal: -0.34755 -0.486971 -0.801291
UV: 0.63954 0.478737

Position: 13.13 1.51465 -4.64985
Normal: 1 0 0
UV: 0.281564 0.185288

Position: 13.13 2.52273 -3.45612
Normal: 1 0 0
UV: 0.313753 0.158104

Position: 13.13 1.7783 -5.17994
Normal: 1 0 0
UV: 0.267269 0.178178

Position: 13.13 2.99274 -3.41179
Normal: 1 0 0
UV: 0.314949 0.14543

Position: 13.13 0.743424 -4.65488
Normal: 0 -1 0
UV: 0.845012 0.821562

Position: 13.13 2.55081 0
Normal: 1 0 0
UV: 0.406951 0.157345

Position: 13.13 2.99274 0
Normal: 1 0 0
UV: 0.406951 0.145428

Position: 13.13 0.743424 -5.17994
Normal: 1 0 0
UV: 0.26727 0.206085

Position: 13.13 0.743424 -4.65488
Normal: 1 0 0
UV: 0.281428 0.206085

Position: 11.6954 0.743424 -4.66412
Normal: 1 0 0
UV: 0.369175 0.165777

Position: 11.6954 0.743424 0
Normal: 1 0 0
UV: 0.369176 0.29155

Position: 11.6954 2.50289 -3.56313
Normal: 1 0 0
UV: 0.416621 0.195467

Position: 11.6954 1.52341 -4.66412
Normal: 1 0 0
UV: 0.390208 0.165777

Position: 13.13 1.51465 -4.64985
Normal: -0.0247448 -0.755652 0.654506
UV: 0.455679 0.156222

Position: 11.6954 2.50289 -3.56313
Normal: -0.0247448 -0.755652 0.654506
UV: 0.416621 0.195467

Position: 13.13 2.52273 -3.45612
Normal: -0.0247448 -0.755652 0.654506
UV: 0.455308 0.19835

Position: 11.6954 1.52341 -4.66412
Normal: -0.0247448 -0.755652 0.654506
UV: 0.416996 0.155735

Position: 13.13 1.51465 -4.64985
Normal: -0.00819932 -0.00323891 0.999961
UV: 0.455679 0.156222

Position: 11.6954 0.743424 -4.66412
Normal: -0.00819932 -0.00323891 0.999961
UV: 0.417389 0.134705

Position: 11.6954 1.52341 -4.66412
Normal: -0.00819932 -0.00323891 0.999961
UV: 0.416996 0.155735

Position: 13.13 0.743424 -4.65488
Normal: -0.00819932 -0.00323891 0.999961
UV: 0.456069 0.135429

Position: 13.13 2.52273 -3.45612
Normal: 0.0234638 -0.999717 0.00399929
UV: 0.455308 0.19835

Position: 11.6954 2.50289 0
Normal: 0.0234639 -0.999725 0
UV: 0.416622 0.291549

Position: 13.13 2.55081 0
Normal: 0.0234639 -0.999725 0
UV: 0.455327 0.291551

Position: 11.6954 2.50289 -3.56313
Normal: 0.0234638 -0.999717 0.00399929
UV: 0.416621 0.195467

Position: 13.0119 1.25127 -0.345811
Normal: -2.85561e-008 0.433884 0.900969
UV: 0.774702 0.0120096

Position: 10.1922 0.38379 -0.147814
Normal: -5.06396e-008 9.73033e-009 1
UV: 0.750708 0.0880457

Position: 10.1922 1.25127 -0.345812
Normal: -2.85561e-008 0.433884 0.900969
UV: 0.774702 0.0880454

Position: 13.0119 0.38379 -0.147814
Normal: -5.06396e-008 9.73033e-009 1
UV: 0.750708 0.0120099

Position: 13.0119 1.94694 -0.900587
Normal: 2.58909e-008 0.781832 0.62349
UV: 0.798696 0.0120094

Position: 10.1922 1.94694 -0.900587
Normal: 2.58909e-008 0.781832 0.62349
UV: 0.798697 0.0880451

Position: 10.1922 2.333 -1.70226
Normal: 7.38246e-008 0.974928 0.222521
UV: 0.822691 0.0880449

Position: 13.0119 2.333 -1.70226
Normal: 7.38246e-008 0.974928 0.222521
UV: 0.82269 0.0120091

Position: 10.1922 2.333 -2.59205
Normal: 8.29625e-008 0.974928 -0.222521
UV: 0.846685 0.0880446

Position: 13.0119 2.333 -2.59205
Normal: 8.29625e-008 0.974928 -0.222521
UV: 0.846684 0.0120089

Position: 10.1922 1.94694 -3.39373
Normal: 7.00577e-008 0.781832 -0.62349
UV: 0.870679 0.0880443

Position: 13.0119 1.94694 -3.39373
Normal: 7.00577e-008 0.781832 -0.62349
UV: 0.870678 0.0120086

Position: 10.1922 1.25127 -3.9485
Normal: 5.33048e-008 0.433884 -0.900969
UV: 0.894673 0.0880441

Position: 13.0119 1.25127 -3.9485
Normal: 5.33048e-008 0.433884 -0.900969
UV: 0.894672 0.0120083

Position: 10.1922 0.38379 -4.1465
Normal: 3.88363e-008 9.73033e-009 -1
UV: 0.918667 0.0880438

Position: 13.0119 0.38379 -4.1465
Normal: 3.88363e-008 -9.73033e-009 -1
UV: 0.918666 0.012008

Position: 10.1922 -0.483692 -3.9485
Normal: 2.05604e-008 -0.433884 -0.900969
UV: 0.606744 0.0880471

Position: 13.0119 0.38379 -4.1465
Normal: 3.88363e-008 -9.73033e-009 -1
UV: 0.582749 0.0120117

Position: 10.1922 0.38379 -4.1465
Normal: 3.88363e-008 9.73033e-009 -1
UV: 0.58275 0.0880474

Position: 13.0119 -0.483692 -3.9485
Normal: 2.05604e-008 -0.433884 -0.900969
UV: 0.606743 0.0120114

Position: 10.1922 -1.17936 -3.39373
Normal: 3.04599e-009 -0.781832 -0.62349
UV: 0.630738 0.0880469

Position: 13.0119 -1.17936 -3.39373
Normal: 3.04599e-009 -0.781832 -0.62349
UV: 0.630737 0.0120112

Position: 10.1922 -1.56542 -2.59205
Normal: -1.52299e-009 -0.974928 -0.222521
UV: 0.654732 0.0880467

Position: 13.0119 -1.56542 -2.59205
Normal: -1.52299e-009 -0.974928 -0.222521
UV: 0.654731 0.012011

Position: 10.1922 -1.56542 -1.70226
Normal: -2.36064e-008 -0.974928 0.222521
UV: 0.678726 0.0880464

Position: 13.0119 -1.56542 -1.70226
Normal: -2.36064e-008 -0.974928 0.222521
UV: 0.678725 0.0120106

Position: 10.1922 -1.17936 -0.900587
Normal: -6.70117e-008 -0.781831 0.62349
UV: 0.70272 0.0880462

Position: 13.0119 -1.17936 -0.900587
Normal: -6.70117e-008 -0.781831 0.62349
UV: 0.702719 0.0120104

Position: 13.0119 -0.483692 -0.345811
Normal: -7.00577e-008 -0.433884 0.900969
UV: 0.726713 0.0120102

Position: 10.1922 -0.483691 -0.345812
Normal: -7.00577e-008 -0.433884 0.900969
UV: 0.726714 0.088046

Position: 12.3885 -0.591556 -1.92454
Normal: 0.892711 0.439332 -0.100275
UV: 0.943557 0.531481

Position: 12.3885 -0.0502794 -1.2458
Normal: 0.892711 0.195521 -0.406003
UV: 0.928961 0.549784

Position: 12.3885 0.38379 -1.14673
Normal: 0.892711 2.34755e-007 -0.45063
UV: 0.917256 0.552456

Position: 12.3885 -0.398376 -1.5234
Normal: 0.892711 0.352316 -0.280963
UV: 0.938348 0.542299

Position: 13.0119 0.38379 -0.580086
Normal: 1 0 0
UV: 0.917256 0.567736

Position: 13.0119 1.25127 -0.345811
Normal: 1 0 0
UV: 0.893864 0.574054

Position: 13.0119 1.06372 -0.735275
Normal: 1 0 0
UV: 0.898921 0.563551

Position: 13.0119 0.38379 -0.147814
Normal: 1 0 0
UV: 0.917256 0.579393

Position: 13.0119 1.94694 -0.900587
Normal: 1 0 0
UV: 0.875104 0.559094

Position: 13.0119 1.60898 -1.1701
Normal: 1 0 0
UV: 0.884218 0.551826

Position: 13.0119 2.333 -1.70226
Normal: 1 0 0
UV: 0.864694 0.537476

Position: 13.0119 1.91157 -1.79845
Normal: 1 0 0
UV: 0.876058 0.534882

Position: 13.0119 2.333 -2.59205
Normal: 1 0 0
UV: 0.864694 0.513482

Position: 13.0119 1.91157 -2.49586
Normal: 1 0 0
UV: 0.876058 0.516075

Position: 13.0119 1.94694 -3.39373
Normal: 1 0 0
UV: 0.875104 0.491864

Position: 13.0119 1.60898 -3.12421
Normal: 1 0 0
UV: 0.884218 0.499132

Position: 13.0119 1.25127 -3.9485
Normal: 1 0 0
UV: 0.893864 0.476903

Position: 13.0119 1.06372 -3.55904
Normal: 1 0 0
UV: 0.898921 0.487406

Position: 13.0119 0.38379 -3.71423
Normal: 1 0 0
UV: 0.917256 0.483221

Position: 13.0119 0.38379 -4.1465
Normal: 1 0 0
UV: 0.917256 0.471564

Position: 13.0119 -0.483692 -3.9485
Normal: 1 0 0
UV: 0.940648 0.476903

Position: 13.0119 -0.296136 -3.55904
Normal: 1 0 0
UV: 0.935591 0.487406

Position: 13.0119 -1.17936 -3.39373
Normal: 1 0 0
UV: 0.959408 0.491863

Position: 13.0119 -0.841395 -3.12421
Normal: 1 0 0
UV: 0.950294 0.499131

Position: 13.0119 -1.14399 -2.49586
Normal: 1 0 0
UV: 0.958454 0.516075

Position: 13.0119 -1.56542 -2.59205
Normal: 1 0 0
UV: 0.969819 0.513481

Position: 13.0119 -1.56542 -1.70226
Normal: 1 0 0
UV: 0.969819 0.537475

Position: 13.0119 -1.14399 -1.79845
Normal: 1 0 0
UV: 0.958454 0.534882

Position: 13.0119 -1.17936 -0.900587
Normal: 1 0 0
UV: 0.959408 0.559093

Position: 13.0119 -0.841395 -1.1701
Normal: 1 0 0
UV: 0.950295 0.551825

Position: 13.0119 -0.483692 -0.345811
Normal: 1 0 0
UV: 0.940649 0.574053

Position: 13.0119 -0.296136 -0.735275
Normal: 1 0 0
UV: 0.935591 0.563551

Position: 12.3885 0.81786 -1.2458
Normal: 0.892711 -0.195521 -0.406004
UV: 0.905551 0.549784

Position: 13.0119 0.38379 -0.580086
Normal: 0.67259 -1.59572e-008 -0.740015
UV: 0.917256 0.567736

Position: 13.0119 1.06372 -0.735275
Normal: 0.67259 -0.32108 -0.666731
UV: 0.898921 0.563551

Position: 12.3885 1.16596 -1.5234
Normal: 0.892711 -0.352316 -0.280963
UV: 0.896164 0.542299

Position: 13.0119 1.60898 -1.1701
Normal: 0.67259 -0.578567 -0.461392
UV: 0.884218 0.551826

Position: 13.0119 1.91157 -1.79845
Normal: 0.67259 -0.721462 -0.164669
UV: 0.876058 0.534882

Position: 12.3885 1.35914 -1.92454
Normal: 0.892711 -0.439332 -0.100274
UV: 0.890955 0.531482

Position: 12.3885 1.35914 -2.36977
Normal: 0.892711 -0.439331 0.100274
UV: 0.890955 0.519475

Position: 13.0119 1.91157 -2.49586
Normal: 0.67259 -0.721461 0.164669
UV: 0.876058 0.516075

Position: 12.3885 1.16596 -2.77091
Normal: 0.892711 -0.352316 0.280963
UV: 0.896164 0.508658

Position: 13.0119 1.60898 -3.12421
Normal: 0.67259 -0.578567 0.461392
UV: 0.884218 0.499132

Position: 13.0119 1.06372 -3.55904
Normal: 0.67259 -0.321081 0.666731
UV: 0.898921 0.487406

Position: 12.3885 0.81786 -3.04851
Normal: 0.892711 -0.195521 0.406003
UV: 0.905551 0.501173

Position: 13.0119 0.38379 -3.71423
Normal: 0.67259 0 0.740015
UV: 0.917256 0.483221

Position: 12.3885 0.38379 -3.14759
Normal: 0.892711 0 0.45063
UV: 0.917256 0.498501

Position: 12.3885 -0.0502795 -3.04851
Normal: 0.892711 0.195521 0.406003
UV: 0.928961 0.501173

Position: 13.0119 -0.296136 -3.55904
Normal: 0.67259 0.321081 0.666731
UV: 0.935591 0.487406

Position: 12.3885 -0.398376 -2.77091
Normal: 0.892711 0.352316 0.280963
UV: 0.938348 0.508658

Position: 13.0119 -0.841395 -3.12421
Normal: 0.67259 0.578567 0.461392
UV: 0.950294 0.499131

Position: 13.0119 -1.14399 -2.49586
Normal: 0.67259 0.721462 0.164669
UV: 0.958454 0.516075

Position: 12.3885 -0.591556 -2.36977
Normal: 0.892711 0.439331 0.100274
UV: 0.943557 0.519475

Position: 13.0119 -1.14399 -1.79845
Normal: 0.67259 0.721462 -0.164669
UV: 0.958454 0.534882

Position: 13.0119 -0.841395 -1.1701
Normal: 0.67259 0.578567 -0.461392
UV: 0.950295 0.551825

Position: 13.0119 -0.296136 -0.735275
Normal: 0.67259 0.321081 -0.666731
UV: 0.935591 0.563551

Position: 6.28744 -2.084 -7.83917
Normal: 0 -0.849972 0.526828
UV: 0.967314 0.768064

Position: 2.05226 -2.084 -7.83917
Normal: 0 -0.849972 0.526828
UV: 0.967313 0.653858

Position: 2.05226 -1.28587 -6.55148
Normal: 0 -0.849972 0.526828
UV: 0.92646 0.653858

Position: 6.28744 -1.28587 -6.55148
Normal: 0 -0.849972 0.526828
UV: 0.92646 0.768064

Position: 6.28744 -0.483118 -8.81268
Normal: 1 0 0
UV: 0.966884 0.818587

Position: 6.28744 -2.084 -7.83917
Normal: 1 0 0
UV: 0.967314 0.768064

Position: 6.28744 -1.28587 -6.55148
Normal: 1 0 0
UV: 0.92646 0.768064

Position: 6.28744 0.315021 -7.52498
Normal: 1 0 0
UV: 0.926031 0.818587

Position: 6.28744 0.315021 -7.52498
Normal: 0 0.849972 -0.526828
UV: 0.926031 0.818587

Position: 2.05226 0.315021 -7.52498
Normal: 0 0.849972 -0.526828
UV: 0.926031 0.932793

Position: 2.05226 -0.483118 -8.81268
Normal: 0 0.849972 -0.526828
UV: 0.966884 0.932793

Position: 6.28744 -0.483118 -8.81268
Normal: 0 0.849972 -0.526828
UV: 0.966884 0.818587

Position: 2.05226 -0.483118 -8.81268
Normal: -1 0 0
UV: 0.966883 0.603335

Position: 2.05226 -1.28587 -6.55148
Normal: -1 0 0
UV: 0.92646 0.653858

Position: 2.05226 -2.084 -7.83917
Normal: -1 0 0
UV: 0.967313 0.653858

Position: 2.05226 0.315021 -7.52498
Normal: -1 0 0
UV: 0.92603 0.603336

Position: 1.46864 -1.83143 -6.357
Normal: 0 -1 0
UV: 0.317386 0.410413

Position: 10.4225 -1.83143 -3.64522
Normal: 0 -1 0
UV: 0.0759373 0.48354

Position: 6.86202 -1.83143 -6.357
Normal: 0 -1 0
UV: 0.171948 0.410414

Position: 10.4225 -1.83143 0
Normal: 0 -1 0
UV: 0.0759381 0.581774

Position: -1.00021 -0.928631 -11.8918
Normal: -1.58589e-007 0.587785 -0.809017
UV: 0.788733 0.101569

Position: 8.57128 -2.40851 -12.3727
Normal: -1.99617e-007 2.79288e-007 -1
UV: 0.746776 0.359674

Position: 8.57128 -0.92863 -11.8918
Normal: -1.58589e-007 0.587785 -0.809017
UV: 0.788736 0.359673

Position: -1.00021 -2.40851 -12.3727
Normal: -1.99617e-007 2.59339e-007 -1
UV: 0.746773 0.101569

Position: 8.57128 -0.0140166 -10.633
Normal: -1.03105e-007 0.951057 -0.309017
UV: 0.830696 0.359673

Position: -1.00021 -0.0140173 -10.633
Normal: -1.03105e-007 0.951056 -0.309017
UV: 0.830693 0.101568

Position: -1.00021 -0.0140173 -9.07694
Normal: 6.10069e-008 0.951056 0.309017
UV: 0.872653 0.101568

Position: 8.57128 -0.014017 -9.07694
Normal: 6.10069e-008 0.951057 0.309017
UV: 0.872656 0.359672

Position: 8.57128 -0.928631 -7.81809
Normal: 2.30388e-007 0.587785 0.809017
UV: 0.914616 0.359672

Position: -1.00021 -0.928631 -7.81808
Normal: 2.30388e-007 0.587785 0.809017
UV: 0.914613 0.101567

Position: 8.57128 -2.40851 -7.33724
Normal: 3.03502e-007 9.97456e-009 1
UV: 0.956576 0.359671

Position: -1.00021 -2.40851 -7.33724
Normal: 3.03502e-007 -9.97457e-009 1
UV: 0.956573 0.101567

Position: 8.57128 -3.88838 -7.81809
Normal: 2.61422e-007 -0.587785 0.809017
UV: 0.575347 0.359676

Position: -1.00021 -2.40851 -7.33724
Normal: 3.03502e-007 -9.97457e-009 1
UV: 0.536973 0.101571

Position: 8.57128 -2.40851 -7.33724
Normal: 3.03502e-007 9.97456e-009 1
UV: 0.536976 0.359676

Position: -1.00021 -3.88838 -7.81808
Normal: 2.61422e-007 -0.587785 0.809017
UV: 0.575344 0.101571

Position: -1.00021 -4.803 -9.07694
Normal: 9.78359e-008 -0.951057 0.309017
UV: 0.617304 0.101571

Position: 8.57128 -4.803 -9.07694
Normal: 9.78359e-008 -0.951057 0.309017
UV: 0.617307 0.359675

Position: -1.00021 -4.803 -10.633
Normal: -6.52239e-008 -0.951056 -0.309017
UV: 0.662853 0.10157

Position: 8.57128 -4.803 -10.633
Normal: -6.52239e-008 -0.951057 -0.309017
UV: 0.662856 0.359675

Position: 8.57128 -3.88838 -11.8918
Normal: -1.79892e-007 -0.587785 -0.809017
UV: 0.704816 0.359674

Position: -1.00021 -3.88838 -11.8918
Normal: -1.79892e-007 -0.587785 -0.809017
UV: 0.704813 0.10157

Position: 9.65735 -2.40851 -11.4274
Normal: 1 1.59422e-007 -4.38852e-007
UV: 0.0914113 0.279286

Position: 9.65735 -1.48423 -8.5828
Normal: 1 1.59422e-007 -2.19426e-007
UV: 0.116335 0.202578

Position: 9.65735 -0.91299 -9.36904
Normal: 1 1.59422e-007 -4.38852e-007
UV: 0.131739 0.223779

Position: 9.65735 -3.33279 -11.1271
Normal: 1 1.59422e-007 -2.19426e-007
UV: 0.066487 0.271188

Position: 9.65735 -1.48423 -11.1271
Normal: 0.656504 0.443379 -0.61026
UV: 0.116335 0.271188

Position: 8.57128 -2.40851 -12.3727
Normal: 0.656504 3.59274e-007 -0.754322
UV: 0.0914116 0.304775

Position: 9.65735 -2.40851 -11.4274
Normal: 0.656504 3.63009e-007 -0.754322
UV: 0.0914113 0.279286

Position: 8.57128 -0.92863 -11.8918
Normal: 0.656504 0.443379 -0.61026
UV: 0.131318 0.291809

Position: 9.65735 -3.33279 -11.1271
Normal: 0.656504 -0.443379 -0.61026
UV: 0.066487 0.271188

Position: 8.57128 -3.88838 -11.8918
Normal: 0.656504 -0.443379 -0.61026
UV: 0.0515051 0.29181

Position: 8.57128 -4.803 -10.633
Normal: 0.656504 -0.717403 -0.233098
UV: 0.0268413 0.257863

Position: 9.65735 -3.90402 -10.3409
Normal: 0.656504 -0.717403 -0.233098
UV: 0.0510828 0.249987

Position: 9.65735 -3.90402 -9.36904
Normal: 0.656504 -0.717403 0.233098
UV: 0.0510825 0.22378

Position: 8.57128 -4.803 -9.07694
Normal: 0.656504 -0.717403 0.233098
UV: 0.0268408 0.215903

Position: 8.57128 -3.88838 -7.81809
Normal: 0.656504 -0.44338 0.61026
UV: 0.0515039 0.181957

Position: 9.65735 -3.33279 -8.5828
Normal: 0.656504 -0.44338 0.61026
UV: 0.0664862 0.202578

Position: 8.57128 -2.40851 -7.33724
Normal: 0.656504 0 0.754323
UV: 0.0914102 0.16899

Position: 9.65735 -2.40851 -8.28248
Normal: 0.656504 0 0.754323
UV: 0.0914105 0.194479

Position: 9.65735 -1.48423 -8.5828
Normal: 0.656504 0.44338 0.61026
UV: 0.116335 0.202578

Position: 8.57128 -0.928631 -7.81809
Normal: 0.656504 0.44338 0.61026
UV: 0.131316 0.181956

Position: 9.65735 -0.91299 -9.36904
Normal: 0.656504 0.717403 0.233099
UV: 0.131739 0.223779

Position: 8.57128 -0.014017 -9.07694
Normal: 0.656504 0.717403 0.233099
UV: 0.15598 0.215902

Position: 9.65735 -0.912989 -10.3409
Normal: 0.656504 0.717403 -0.233098
UV: 0.131739 0.249985

Position: 8.57128 -0.0140166 -10.633
Normal: 0.656504 0.717403 -0.233098
UV: 0.155981 0.257862

Position: -1.00021 -0.0140173 -9.07694
Normal: -1 1.17527e-008 2.37921e-007
UV: 0.14736 0.0431123

Position: -1.00021 -2.40851 -12.3727
Normal: -1 1.17526e-008 2.37921e-007
UV: 0.113415 0.147589

Position: -1.00021 -0.928631 -11.8918
Normal: -1 -3.22214e-007 4.4349e-007
UV: 0.147361 0.122925

Position: -1.00021 -0.0140173 -10.633
Normal: -1 -3.22214e-007 4.4349e-007
UV: 0.160327 0.0830187

Position: 9.65735 -1.48423 -11.1271
Normal: 1 -3.18844e-007 -4.38852e-007
UV: 0.116335 0.271188

Position: 9.65735 -0.912989 -10.3409
Normal: 1 -3.18844e-007 -4.38852e-007
UV: 0.131739 0.249985

Position: 9.65735 -2.40851 -8.28248
Normal: 1 0 0
UV: 0.0914105 0.194479

Position: 9.65735 -3.90402 -10.3409
Normal: 1 0 0
UV: 0.0510828 0.249987

Position: 9.65735 -3.90402 -9.36904
Normal: 1 0 0
UV: 0.0510825 0.22378

Position: 9.65735 -3.33279 -8.5828
Normal: 1 0 0
UV: 0.0664862 0.202578

Position: -1.00021 -3.88838 -11.8918
Normal: -1 -3.80322e-008 2.21745e-007
UV: 0.071455 0.147589

Position: -1.00021 -0.928631 -7.81808
Normal: -1 -3.80322e-008 2.21745e-007
UV: 0.113413 0.0184495

Position: -1.00021 -2.40851 -7.33724
Normal: -1 -1.49355e-007 2.05569e-007
UV: 0.0714535 0.0184499

Position: -1.00021 -4.803 -10.633
Normal: -1 -1.49355e-007 2.05569e-007
UV: 0.0375083 0.122926

Position: -1.00021 -4.803 -9.07694
Normal: -1 0 0
UV: 0.0245414 0.0830202

Position: -1.00021 -3.88838 -7.81808
Normal: -1 0 0
UV: 0.0375074 0.0431135

Position: -2.06465 -0.268632 -10.0869
Normal: 0 0.866025 -0.500001
UV: 0.208373 0.113989

Position: -0.910573 -0.651078 -10.3077
Normal: 0 -1.53355e-007 -1
UV: 0.220281 0.0828674

Position: -0.910573 -0.268632 -10.0869
Normal: 0 0.866025 -0.500001
UV: 0.208373 0.0828674

Position: -2.06465 -0.651078 -10.3077
Normal: 0 -1.31447e-007 -1
UV: 0.220281 0.113989

Position: -2.06465 -0.268632 -9.64527
Normal: 0 0.866026 0.5
UV: 0.196464 0.113989

Position: -0.910573 -0.268632 -9.64527
Normal: 0 0.866025 0.5
UV: 0.196464 0.0828676

Position: -0.910573 -0.651078 -9.42447
Normal: 0 -2.19078e-008 1
UV: 0.184556 0.0828676

Position: -2.06465 -0.651078 -9.42447
Normal: 0 -2.19078e-008 1
UV: 0.184556 0.113989

Position: -0.910573 -1.03352 -9.64527
Normal: 0 -0.866025 0.5
UV: 0.244098 0.0828673

Position: -2.06465 -1.03352 -9.64527
Normal: 0 -0.866026 0.5
UV: 0.244098 0.113988

Position: -0.910573 -0.651078 -9.42447
Normal: 0 -2.19078e-008 1
UV: 0.256007 0.0828673

Position: -2.06465 -0.651078 -9.42447
Normal: 0 -2.19078e-008 1
UV: 0.256007 0.113988

Position: -0.910573 -1.03352 -10.0869
Normal: 0 -0.866025 -0.500001
UV: 0.23219 0.0828674

Position: -2.06465 -1.03352 -10.0869
Normal: 0 -0.866025 -0.500001
UV: 0.23219 0.113989

Position: -2.06465 -0.651078 -9.42447
Normal: -1 -1.03534e-019 3.59923e-007
UV: 0.200845 0.117894

Position: -2.06465 -1.03352 -9.64527
Normal: -1 -4.48756e-013 3.59923e-007
UV: 0.188937 0.117894

Position: -2.06465 -0.651078 -10.3077
Normal: -1 -5.17668e-020 3.59923e-007
UV: 0.188937 0.13852

Position: -2.06465 -1.03352 -10.0869
Normal: -1 -4.48756e-013 3.59923e-007
UV: 0.182983 0.128207

Position: -2.06465 -0.731394 -8.50583
Normal: 0 0.965926 0.258818
UV: 0.403808 0.0411803

Position: -0.910573 -0.845691 -8.9324
Normal: 0 0.707107 -0.707106
UV: 0.415716 0.0100589

Position: -0.910573 -0.731394 -8.50583
Normal: 0 0.965926 0.258818
UV: 0.403808 0.0100589

Position: -2.06465 -0.845691 -8.9324
Normal: 0 0.707107 -0.707106
UV: 0.415716 0.0411802

Position: -2.06465 -1.04366 -8.19357
Normal: 0 0.25882 0.965926
UV: 0.391899 0.0411803

Position: -0.910573 -1.04366 -8.19357
Normal: 0 0.25882 0.965926
UV: 0.391899 0.0100589

Position: -0.910573 -1.47022 -8.30787
Normal: 0 -0.707107 0.707107
UV: 0.379991 0.010059

Position: -2.06465 -1.47022 -8.30787
Normal: 0 -0.707107 0.707107
UV: 0.379991 0.0411803

Position: -2.06465 -1.58452 -8.73443
Normal: 0 -0.965926 -0.258819
UV: 0.439533 0.0411796

Position: -0.910573 -1.47022 -8.30787
Normal: 0 -0.707107 0.707107
UV: 0.451442 0.0100587

Position: -0.910573 -1.58452 -8.73443
Normal: 0 -0.965926 -0.258819
UV: 0.439533 0.0100588

Position: -2.06465 -1.47022 -8.30787
Normal: 0 -0.707107 0.707107
UV: 0.451442 0.0411795

Position: -0.910573 -1.27225 -9.04669
Normal: 0 -0.258818 -0.965926
UV: 0.427625 0.0100588

Position: -2.06465 -1.27225 -9.04669
Normal: 0 -0.258818 -0.965926
UV: 0.427625 0.0411801

Position: -2.06465 -0.845691 -8.9324
Normal: -1 -2.54504e-007 2.54504e-007
UV: 0.384372 0.0657115

Position: -2.06465 -1.47022 -8.30787
Normal: -1 -2.54504e-007 2.54504e-007
UV: 0.39628 0.0450853

Position: -2.06465 -1.58452 -8.73443
Normal: -1 -2.54505e-007 2.54504e-007
UV: 0.384372 0.0450854

Position: -2.06465 -1.27225 -9.04669
Normal: -1 -2.54505e-007 2.54504e-007
UV: 0.378418 0.0553982

Position: -2.06465 -2.17658 -7.71509
Normal: 0 0.5 0.866025
UV: 0.40498 0.105283

Position: -0.910573 -1.95578 -8.09753
Normal: 0 1 2.40986e-007
UV: 0.416889 0.074162

Position: -0.910573 -2.17658 -7.71509
Normal: 0 0.5 0.866025
UV: 0.40498 0.074162

Position: -2.06465 -1.95578 -8.09753
Normal: 0 1 2.62894e-007
UV: 0.416889 0.105283

Position: -0.910573 -2.61819 -7.71509
Normal: 0 -0.5 0.866026
UV: 0.393072 0.074162

Position: -2.06465 -2.61819 -7.71509
Normal: 0 -0.5 0.866026
UV: 0.393072 0.105283

Position: -2.06465 -2.839 -8.09753
Normal: 0 -1 2.84802e-007
UV: 0.381163 0.105283

Position: -0.910573 -2.839 -8.09753
Normal: 0 -1 2.84802e-007
UV: 0.381163 0.0741621

Position: -2.06465 -2.61819 -8.47998
Normal: 0 -0.5 -0.866025
UV: 0.440706 0.105283

Position: -0.910573 -2.839 -8.09753
Normal: 0 -1 2.84802e-007
UV: 0.452614 0.0741618

Position: -0.910573 -2.61819 -8.47998
Normal: 0 -0.5 -0.866025
UV: 0.440706 0.0741619

Position: -2.06465 -2.839 -8.09753
Normal: 0 -1 2.84802e-007
UV: 0.452614 0.105283

Position: -0.910573 -2.17658 -8.47998
Normal: 0 0.500001 -0.866025
UV: 0.428797 0.074162

Position: -2.06465 -2.17658 -8.47998
Normal: 0 0.500001 -0.866025
UV: 0.428797 0.105283

Position: -2.06465 -2.17658 -8.47998
Normal: -1 -3.59923e-007 -3.36567e-013
UV: 0.37959 0.119501

Position: -2.06465 -1.95578 -8.09753
Normal: -1 -3.59923e-007 1.42359e-019
UV: 0.385545 0.129815

Position: -2.06465 -2.61819 -8.47998
Normal: -1 -3.59923e-007 -3.36567e-013
UV: 0.385545 0.109189

Position: -2.06465 -2.839 -8.09753
Normal: -1 -3.59923e-007 1.29417e-019
UV: 0.397453 0.109188

Position: -0.910573 -3.75763 -8.17785
Normal: 0 -0.258818 0.965926
UV: 0.309866 0.0109878

Position: -2.06465 -3.75763 -8.17785
Normal: 0 -0.258818 0.965926
UV: 0.309866 0.042109

Position: -0.910573 -3.33107 -8.29214
Normal: 0 0.707106 0.707107
UV: 0.321775 0.0109876

Position: -2.06465 -3.33107 -8.29214
Normal: 0 0.707106 0.707107
UV: 0.321775 0.042109

Position: -0.910573 -4.06989 -8.49011
Normal: 0 -0.965926 0.258819
UV: 0.297958 0.0109878

Position: -2.06465 -4.06989 -8.49011
Normal: 0 -0.965926 0.258819
UV: 0.297958 0.0421091

Position: -2.06465 -3.9556 -8.91667
Normal: 0 -0.707106 -0.707107
UV: 0.286049 0.0421091

Position: -0.910573 -3.9556 -8.91667
Normal: 0 -0.707106 -0.707107
UV: 0.286049 0.0109878

Position: -2.06465 -3.52903 -9.03097
Normal: 0 0.258819 -0.965926
UV: 0.345592 0.0421084

Position: -0.910573 -3.9556 -8.91667
Normal: 0 -0.707106 -0.707107
UV: 0.3575 0.0109875

Position: -0.910573 -3.52903 -9.03097
Normal: 0 0.258819 -0.965926
UV: 0.345592 0.0109875

Position: -2.06465 -3.9556 -8.91667
Normal: 0 -0.707106 -0.707107
UV: 0.3575 0.0421084

Position: -0.910573 -3.21677 -8.71871
Normal: 0 0.965926 -0.258818
UV: 0.333683 0.0109876

Position: -2.06465 -3.21677 -8.71871
Normal: 0 0.965926 -0.258818
UV: 0.333683 0.042109

Position: -2.06465 -3.52903 -9.03097
Normal: -1 -2.54504e-007 -2.54504e-007
UV: 0.290431 0.0460142

Position: -2.06465 -3.33107 -8.29214
Normal: -1 -2.54504e-007 -2.54504e-007
UV: 0.290431 0.0666404

Position: -2.06465 -3.9556 -8.91667
Normal: -1 -2.54504e-007 -2.54504e-007
UV: 0.302339 0.0460142

Position: -2.06465 -3.21677 -8.71871
Normal: -1 -2.54504e-007 -2.54504e-007
UV: 0.284476 0.0563271

Position: -0.910573 -4.54838 -9.62303
Normal: 0 -0.866025 0.500001
UV: 0.209916 0.229456

Position: -2.06465 -4.54838 -9.62303
Normal: 0 -0.866025 0.500001
UV: 0.209916 0.260577

Position: -0.910573 -4.16593 -9.40223
Normal: 0 -1.09539e-007 1
UV: 0.221824 0.229456

Position: -2.06465 -4.16593 -9.40223
Normal: 0 -1.31447e-007 1
UV: 0.221825 0.260577

Position: -2.06465 -4.54838 -10.0646
Normal: 0 -0.866025 -0.5
UV: 0.198007 0.260577

Position: -0.910573 -4.54838 -10.0646
Normal: 0 -0.866025 -0.5
UV: 0.198007 0.229456

Position: -2.06465 -4.16593 -10.2854
Normal: 0 4.81973e-007 -1
UV: 0.186099 0.260577

Position: -0.910573 -4.16593 -10.2854
Normal: 0 4.81973e-007 -1
UV: 0.186099 0.229456

Position: -2.06465 -3.78349 -10.0646
Normal: 0 0.866026 -0.5
UV: 0.245641 0.260577

Position: -0.910573 -4.16593 -10.2854
Normal: 0 4.81973e-007 -1
UV: 0.25755 0.229456

Position: -0.910573 -3.78349 -10.0646
Normal: 0 0.866026 -0.5
UV: 0.245641 0.229456

Position: -2.06465 -4.16593 -10.2854
Normal: 0 4.81973e-007 -1
UV: 0.25755 0.260577

Position: -0.910573 -3.78349 -9.62303
Normal: 0 0.866025 0.500001
UV: 0.233733 0.229456

Position: -2.06465 -3.78349 -9.62303
Normal: 0 0.866025 0.500001
UV: 0.233733 0.260577

Position: -2.06465 -4.16593 -9.40223
Normal: -1 -7.76502e-020 -3.59923e-007
UV: 0.19048 0.285108

Position: -2.06465 -4.16593 -10.2854
Normal: -1 1.55301e-019 -3.59923e-007
UV: 0.202389 0.264482

Position: -2.06465 -3.78349 -10.0646
Normal: -1 4.48756e-013 -3.59923e-007
UV: 0.19048 0.264482

Position: -2.06465 -3.78349 -9.62303
Normal: -1 4.48756e-013 -3.59923e-007
UV: 0.184526 0.274795

Position: -2.06465 -4.08561 -11.2041
Normal: 0 -0.965926 -0.258818
UV: 0.200109 0.183994

Position: -0.910573 -3.97132 -10.7775
Normal: 0 -0.707107 0.707106
UV: 0.212017 0.152873

Position: -0.910573 -4.08561 -11.2041
Normal: 0 -0.965926 -0.258818
UV: 0.200108 0.152873

Position: -2.06465 -3.97132 -10.7775
Normal: 0 -0.707107 0.707107
UV: 0.212017 0.183994

Position: -2.06465 -3.77335 -11.5163
Normal: 0 -0.258819 -0.965926
UV: 0.1882 0.183995

Position: -0.910573 -3.77335 -11.5163
Normal: 0 -0.258819 -0.965926
UV: 0.1882 0.152873

Position: -2.06465 -3.34679 -11.4021
Normal: 0 0.707107 -0.707107
UV: 0.176292 0.183995

Position: -0.910573 -3.34679 -11.4021
Normal: 0 0.707107 -0.707107
UV: 0.176292 0.152873

Position: -2.06465 -3.23249 -10.9755
Normal: 0 0.965926 0.258819
UV: 0.235834 0.183994

Position: -0.910573 -3.34679 -11.4021
Normal: 0 0.707107 -0.707107
UV: 0.247742 0.152873

Position: -0.910573 -3.23249 -10.9755
Normal: 0 0.965926 0.258819
UV: 0.235834 0.152873

Position: -2.06465 -3.34679 -11.4021
Normal: 0 0.707107 -0.707107
UV: 0.247743 0.183994

Position: -0.910573 -3.54476 -10.6632
Normal: 0 0.258818 0.965926
UV: 0.223925 0.152873

Position: -2.06465 -3.54476 -10.6632
Normal: 0 0.258817 0.965926
UV: 0.223926 0.183994

Position: -2.06465 -3.97132 -10.7775
Normal: -1 2.54504e-007 -2.54504e-007
UV: 0.180673 0.208526

Position: -2.06465 -3.34679 -11.4021
Normal: -1 2.54504e-007 -2.54504e-007
UV: 0.192581 0.1879

Position: -2.06465 -3.23249 -10.9755
Normal: -1 2.54505e-007 -2.54504e-007
UV: 0.180673 0.1879

Position: -2.06465 -3.54476 -10.6632
Normal: -1 2.54505e-007 -2.54504e-007
UV: 0.174718 0.198213

Position: -2.06465 -2.64043 -11.9948
Normal: 0 -0.500001 -0.866025
UV: 0.306729 0.113965

Position: -0.910573 -2.86123 -11.6124
Normal: 0 -1 2.19078e-008
UV: 0.318637 0.0828441

Position: -0.910573 -2.64043 -11.9948
Normal: 0 -0.500001 -0.866025
UV: 0.306729 0.0828441

Position: -2.06465 -2.86123 -11.6124
Normal: 0 -1 0
UV: 0.318638 0.113965

Position: -2.06465 -2.19882 -11.9948
Normal: 0 0.5 -0.866026
UV: 0.29482 0.113965

Position: -0.910573 -2.19882 -11.9948
Normal: 0 0.5 -0.866026
UV: 0.29482 0.0828441

Position: -2.06465 -1.97801 -11.6124
Normal: 0 1 -2.19078e-008
UV: 0.282912 0.113966

Position: -0.910573 -1.97801 -11.6124
Normal: 0 1 -2.19078e-008
UV: 0.282912 0.0828442

Position: -2.06465 -2.19882 -11.2299
Normal: 0 0.5 0.866026
UV: 0.342454 0.113965

Position: -0.910573 -1.97801 -11.6124
Normal: 0 1 -2.19078e-008
UV: 0.354363 0.0828439

Position: -0.910573 -2.19882 -11.2299
Normal: 0 0.5 0.866025
UV: 0.342454 0.082844

Position: -2.06465 -1.97801 -11.6124
Normal: 0 1 -2.19078e-008
UV: 0.354363 0.113965

Position: -0.910573 -2.64043 -11.2299
Normal: 0 -0.500001 0.866025
UV: 0.330546 0.082844

Position: -2.06465 -2.64043 -11.2299
Normal: 0 -0.500001 0.866025
UV: 0.330546 0.113965

Position: -2.06465 -2.19882 -11.2299
Normal: -1 3.59923e-007 3.92662e-013
UV: 0.287293 0.117871

Position: -2.06465 -2.86123 -11.6124
Normal: -1 3.59923e-007 0
UV: 0.287293 0.138497

Position: -2.06465 -1.97801 -11.6124
Normal: -1 3.59923e-007 0
UV: 0.299202 0.117871

Position: -2.06465 -2.64043 -11.2299
Normal: -1 3.59923e-007 3.92662e-013
UV: 0.281339 0.128183

Position: -2.06465 -1.05938 -11.5321
Normal: 0 0.258818 -0.965926
UV: 0.21023 0.0423763

Position: -0.910573 -1.48594 -11.4178
Normal: 0 -0.707106 -0.707107
UV: 0.222139 0.011255

Position: -0.910573 -1.05938 -11.5321
Normal: 0 0.258819 -0.965926
UV: 0.21023 0.011255

Position: -2.06465 -1.48594 -11.4178
Normal: 0 -0.707106 -0.707107
UV: 0.222139 0.0423763

Position: -2.06465 -0.747114 -11.2198
Normal: 0 0.965926 -0.258819
UV: 0.198322 0.0423765

Position: -0.910573 -0.747114 -11.2198
Normal: 0 0.965926 -0.258819
UV: 0.198322 0.0112551

Position: -2.06465 -0.861411 -10.7932
Normal: 0 0.707107 0.707107
UV: 0.186413 0.0423765

Position: -0.910573 -0.861411 -10.7932
Normal: 0 0.707107 0.707107
UV: 0.186413 0.0112551

Position: -0.910573 -1.28797 -10.6789
Normal: 0 -0.258819 0.965926
UV: 0.245956 0.0112549

Position: -2.06465 -1.28797 -10.6789
Normal: 0 -0.258819 0.965926
UV: 0.245956 0.0423757

Position: -0.910573 -0.861411 -10.7932
Normal: 0 0.707107 0.707107
UV: 0.257864 0.0112548

Position: -2.06465 -0.861411 -10.7932
Normal: 0 0.707107 0.707107
UV: 0.257864 0.0423757

Position: -0.910573 -1.60024 -10.9912
Normal: 0 -0.965926 0.258818
UV: 0.234047 0.011255

Position: -2.06465 -1.60024 -10.9912
Normal: 0 -0.965926 0.258818
UV: 0.234047 0.0423763

Position: -2.06465 -1.48594 -11.4178
Normal: -1 2.54504e-007 2.54504e-007
UV: 0.190795 0.0669076

Position: -2.06465 -0.861411 -10.7932
Normal: -1 2.54504e-007 2.54504e-007
UV: 0.202703 0.0462815

Position: -2.06465 -1.28797 -10.6789
Normal: -1 2.54504e-007 2.54505e-007
UV: 0.190795 0.0462815

Position: -2.06465 -1.60024 -10.9912
Normal: -1 2.54504e-007 2.54505e-007
UV: 0.18484 0.0565944

Position: -2.06465 -0.268632 -9.64527
Normal: -1 4.48756e-013 3.59923e-007
UV: 0.2068 0.128207

Position: -2.06465 -0.268632 -10.0869
Normal: -1 4.48756e-013 3.59923e-007
UV: 0.200846 0.13852

Position: -2.06465 -1.05938 -11.5321
Normal: -1 2.54504e-007 2.54504e-007
UV: 0.202703 0.0669076

Position: -2.06465 -0.747114 -11.2198
Normal: -1 2.54504e-007 2.54504e-007
UV: 0.208657 0.0565943

Position: -2.06465 -2.19882 -11.9948
Normal: -1 3.59923e-007 -3.92662e-013
UV: 0.305156 0.128183

Position: -2.06465 -2.64043 -11.9948
Normal: -1 3.59923e-007 -3.92662e-013
UV: 0.299202 0.138497

Position: -2.06465 -3.77335 -11.5163
Normal: -1 2.54504e-007 -2.54505e-007
UV: 0.198536 0.198212

Position: -2.06465 -4.08561 -11.2041
Normal: -1 2.54504e-007 -2.54505e-007
UV: 0.192581 0.208526

Position: -2.06465 -4.54838 -10.0646
Normal: -1 -4.48756e-013 -3.59923e-007
UV: 0.208343 0.274795

Position: -2.06465 -4.54838 -9.62303
Normal: -1 -4.48756e-013 -3.59923e-007
UV: 0.202389 0.285108

Position: -2.06465 -3.75763 -8.17785
Normal: -1 -2.54504e-007 -2.54504e-007
UV: 0.302339 0.0666403

Position: -2.06465 -4.06989 -8.49011
Normal: -1 -2.54504e-007 -2.54504e-007
UV: 0.308293 0.056327

Position: -2.06465 -2.61819 -7.71509
Normal: -1 -3.59923e-007 3.36568e-013
UV: 0.403407 0.119501

Position: -2.06465 -2.17658 -7.71509
Normal: -1 -3.59923e-007 3.36568e-013
UV: 0.397453 0.129815

Position: -2.06465 -1.04366 -8.19357
Normal: -1 -2.54504e-007 2.54505e-007
UV: 0.402235 0.0553982

Position: -2.06465 -0.731394 -8.50583
Normal: -1 -2.54504e-007 2.54505e-007
UV: 0.396281 0.0657114

Position: 11.6954 2.50289 0
Normal: 1 0 0
UV: 0.416622 0.291549

Position: -4.50784 -1.83143 3.8232
Normal: 0 -1 0
UV: 0.478548 0.478738

Position: -10.478 -1.83143 3.8232
Normal: 0 -1 0
UV: 0.63954 0.478737

Position: -12.87 -1.83143 2.78667
Normal: 0 -1 0
UV: 0.704042 0.511529

Position: -4.79938 1.78769 6.82358
Normal: -0.0718077 0.725268 0.684712
UV: 0.414161 0.781812

Position: -4.79938 4.803 4.25875
Normal: -0.0175616 0.668114 0.743852
UV: 0.414161 0.712649

Position: 1.17709 4.803 4.25424
Normal: -0.0465411 0.839116 0.541958
UV: 0.575322 0.712528

Position: 1.17709 1.77942 9.35738
Normal: -0.390331 2.11868e-007 0.920675
UV: 0.364202 0.985653

Position: -4.79938 0.743424 6.82358
Normal: -0.390331 2.11868e-007 0.920675
UV: 0.539249 0.957714

Position: -4.79938 1.78769 6.82358
Normal: -0.390331 2.11868e-007 0.920675
UV: 0.539249 0.985874

Position: 1.17709 0.743424 9.35738
Normal: -0.390331 2.11868e-007 0.920675
UV: 0.364202 0.957716

Position: -16.7523 1.80306 4.23018
Normal: -1 0 0
UV: 0.876092 0.986287

Position: -16.7523 0.743424 4.23018
Normal: -1 0 0
UV: 0.876091 0.957713

Position: 13.13 1.7783 5.17994
Normal: 0.271442 0.852454 0.446813
UV: 0.897646 0.73749

Position: 7.15357 4.16656 4.25424
Normal: 0.160198 0.873172 0.460333
UV: 0.736484 0.712528

Position: 13.13 2.99274 3.41179
Normal: 0.271442 0.852454 0.446813
UV: 0.897646 0.68981

Position: 7.15357 1.77942 9.35738
Normal: 0.13648 0.876094 0.462421
UV: 0.736484 0.850139

Position: 1.17709 1.77942 9.35738
Normal: -0.0663656 0.871786 0.485372
UV: 0.575322 0.850139

Position: -16.7523 1.80306 4.23018
Normal: -0.367755 0.929923 0
UV: 0.0918378 0.711879

Position: -10.7759 4.16656 4.25875
Normal: -0.238818 0.971064 0
UV: 0.252999 0.712649

Position: -4.79938 4.803 4.25875
Normal: -0.0530327 0.998593 0
UV: 0.414161 0.712649

Position: 13.13 1.7783 5.17994
Normal: 0.572901 -5.68406e-007 0.819625
UV: 0.00641155 0.985625

Position: 7.15357 0.743424 9.35738
Normal: 0.572901 -5.68406e-007 0.819625
UV: 0.20304 0.957717

Position: 7.15357 1.77942 9.35738
Normal: 0.572901 -5.68406e-007 0.819625
UV: 0.20304 0.985654

Position: 13.13 0.743424 5.17994
Normal: 0.572901 -5.68406e-007 0.819625
UV: 0.00641145 0.957718

Position: 1.17709 1.77942 9.35738
Normal: 0 0 1
UV: 0.364202 0.985653

Position: 7.15357 0.743424 9.35738
Normal: 0 0 1
UV: 0.20304 0.957717

Position: 1.17709 0.743424 9.35738
Normal: 0 0 1
UV: 0.364202 0.957716

Position: 7.15357 1.77942 9.35738
Normal: 0 0 1
UV: 0.20304 0.985654

Position: -10.7759 0.743424 6.82358
Normal: -0.398071 3.82675e-007 0.917355
UV: 0.700411 0.957714

Position: -16.7523 0.743424 4.23018
Normal: -0.398071 3.82675e-007 0.917355
UV: 0.876091 0.957713

Position: -10.7759 1.78769 6.82358
Normal: -0.398071 3.82675e-007 0.917355
UV: 0.700411 0.985873

Position: -16.7523 1.80306 4.23018
Normal: -0.398071 3.82675e-007 0.917355
UV: 0.876092 0.986287

Position: -4.79938 0.743424 6.82358
Normal: 0 4.56626e-007 1
UV: 0.539249 0.957714

Position: -10.7759 1.78769 6.82358
Normal: 0 4.56626e-007 1
UV: 0.700411 0.985873

Position: -4.79938 1.78769 6.82358
Normal: 0 4.56626e-007 1
UV: 0.539249 0.985874

Position: -10.7759 0.743424 6.82358
Normal: 0 4.56626e-007 1
UV: 0.700411 0.957714

Position: 1.17709 4.803 4.25424
Normal: 0.0530072 0.998594 -1.28361e-008
UV: 0.575322 0.712528

Position: 7.15357 4.16656 4.25424
Normal: 0.147464 0.989067 -3.53688e-008
UV: 0.736484 0.712528

Position: 13.13 2.99274 3.41179
Normal: 0.192725 0.981253 -4.59566e-008
UV: 0.897646 0.68981

Position: -16.7523 1.80306 4.23018
Normal: -0.281357 0.703566 0.652559
UV: 0.0918378 0.711879

Position: -10.7759 4.16656 4.25875
Normal: -0.146933 0.700971 0.697891
UV: 0.252999 0.712649

Position: -10.7759 1.78769 6.82358
Normal: -0.147391 0.701003 0.697761
UV: 0.252999 0.781812

Position: -15.3177 0.743424 3.28886
Normal: 0 -1 0
UV: 0.0778894 0.784725

Position: -16.7523 0.743424 4.23018
Normal: 0 -1 0
UV: 0.0392035 0.810109

Position: 7.15357 0.743424 9.35738
Normal: 0 -1 0
UV: 0.68385 0.948369

Position: 11.6954 0.743424 4.66412
Normal: 0 -1 0
UV: 0.806326 0.821811

Position: 6.86202 0.743424 7.92277
Normal: 0 -1 0
UV: 0.675988 0.909684

Position: 13.13 0.743424 5.17994
Normal: 0 -1 0
UV: 0.845012 0.83572

Position: 1.17709 0.743424 9.35738
Normal: 0 -1 0
UV: 0.522689 0.948369

Position: 1.46864 0.743424 7.92277
Normal: 0 -1 0
UV: 0.530551 0.909684

Position: -4.79938 0.743424 6.82358
Normal: 0 -1 0
UV: 0.361527 0.880043

Position: -4.50784 0.743424 5.38897
Normal: 0 -1 0
UV: 0.369389 0.841357

Position: -10.478 0.743424 5.38897
Normal: 0 -1 0
UV: 0.208397 0.841357

Position: -10.7759 0.743424 6.82358
Normal: 0 -1 0
UV: 0.200365 0.880043

Position: -12.87 -1.83143 2.78667
Normal: -0.724768 -0.688993 0
UV: 0.704042 0.511529

Position: -15.3177 0.743424 3.28886
Normal: -0.724768 -0.688993 0
UV: 0.831309 0.429526

Position: 11.6954 0.743424 4.66412
Normal: 0.896432 -0.443182 0
UV: 0.369175 0.165777

Position: 10.4225 -1.83143 3.64522
Normal: 0.896432 -0.443182 0
UV: 0.29172 0.193254

Position: 10.4225 -1.83143 3.64522
Normal: 0.507382 -0.483447 0.713332
UV: 0.0759373 0.48354

Position: 6.86202 0.743424 7.92277
Normal: 0.507382 -0.483447 0.713332
UV: 0.171947 0.304573

Position: 11.6954 0.743424 4.66412
Normal: 0.507382 -0.483447 0.713332
UV: 0.0416097 0.392447

Position: 6.86202 -1.83143 6.357
Normal: 0.507382 -0.483447 0.713332
UV: 0.171948 0.410414

Position: 6.86202 -1.83143 6.357
Normal: 0 -0.519577 0.854424
UV: 0.171948 0.410414

Position: 1.46864 -1.83143 6.357
Normal: 0 -0.519577 0.854424
UV: 0.317386 0.410413

Position: 6.86202 0.743424 7.92277
Normal: 0 -0.519577 0.854424
UV: 0.171947 0.304573

Position: 1.46864 0.743424 7.92277
Normal: 0 -0.519577 0.854424
UV: 0.317385 0.304572

Position: 1.46864 -1.83143 6.357
Normal: -0.340586 -0.488513 0.803341
UV: 0.317386 0.410413

Position: -4.50784 -1.83143 3.8232
Normal: -0.340586 -0.488513 0.803341
UV: 0.478548 0.478738

Position: 1.46864 0.743424 7.92277
Normal: -0.340586 -0.488513 0.803341
UV: 0.317385 0.304572

Position: -4.50784 0.743424 5.38897
Normal: -0.340586 -0.488513 0.803341
UV: 0.478547 0.372897

Position: -4.50784 -1.83143 3.8232
Normal: -6.62589e-008 -0.519577 0.854424
UV: 0.478548 0.478738

Position: -10.478 -1.83143 3.8232
Normal: -6.62589e-008 -0.519577 0.854424
UV: 0.63954 0.478737

Position: -4.50784 0.743424 5.38897
Normal: -6.62589e-008 -0.519577 0.854424
UV: 0.478547 0.372897

Position: -10.478 0.743424 5.38897
Normal: -6.62589e-008 -0.519577 0.854424
UV: 0.639539 0.372896

Position: -15.3177 0.743424 3.28886
Normal: -0.34755 -0.486971 0.801291
UV: 0.831309 0.429526

Position: -10.478 0.743424 5.38897
Normal: -0.34755 -0.486971 0.801291
UV: 0.639539 0.372896

Position: -12.87 -1.83143 2.78667
Normal: -0.34755 -0.486971 0.801291
UV: 0.704042 0.511529

Position: -10.478 -1.83143 3.8232
Normal: -0.34755 -0.486971 0.801291
UV: 0.63954 0.478737

Position: 13.13 1.7783 5.17994
Normal: 1 0 0
UV: 0.267269 0.178178

Position: 13.13 2.52273 3.45612
Normal: 1 0 0
UV: 0.313753 0.158104

Position: 13.13 1.51465 4.64985
Normal: 1 0 0
UV: 0.281564 0.185288

Position: 13.13 2.99274 3.41179
Normal: 1 0 0
UV: 0.314949 0.14543

Position: 13.13 0.743424 4.65488
Normal: 0 -1 0
UV: 0.845012 0.821562

Position: 13.13 0.743424 5.17994
Normal: 1 0 0
UV: 0.26727 0.206085

Position: 13.13 0.743424 4.65488
Normal: 1 0 0
UV: 0.281428 0.206085

Position: 11.6954 2.50289 3.56313
Normal: 1 0 0
UV: 0.416621 0.195467

Position: 11.6954 0.743424 4.66412
Normal: 1 0 0
UV: 0.369175 0.165777

Position: 11.6954 1.52341 4.66412
Normal: 1 0 0
UV: 0.390208 0.165777

Position: 11.6954 2.50289 3.56313
Normal: -0.0247448 -0.755652 -0.654506
UV: 0.416621 0.195467

Position: 13.13 1.51465 4.64985
Normal: -0.0247448 -0.755652 -0.654506
UV: 0.455679 0.156222

Position: 13.13 2.52273 3.45612
Normal: -0.0247448 -0.755652 -0.654506
UV: 0.455308 0.19835

Position: 11.6954 1.52341 4.66412
Normal: -0.0247448 -0.755652 -0.654506
UV: 0.416996 0.155735

Position: 13.13 1.51465 4.64985
Normal: -0.00819932 -0.00323891 -0.999961
UV: 0.455679 0.156222

Position: 11.6954 1.52341 4.66412
Normal: -0.00819932 -0.00323891 -0.999961
UV: 0.416996 0.155735

Position: 11.6954 0.743424 4.66412
Normal: -0.00819932 -0.00323891 -0.999961
UV: 0.417389 0.134705

Position: 13.13 0.743424 4.65488
Normal: -0.00819932 -0.00323891 -0.999961
UV: 0.456069 0.135429

Position: 13.13 2.52273 3.45612
Normal: 0.0234638 -0.999717 -0.00399929
UV: 0.455308 0.19835

Position: 11.6954 2.50289 3.56313
Normal: 0.0234638 -0.999717 -0.00399929
UV: 0.416621 0.195467

Position: 13.0119 1.25127 0.345811
Normal: -2.96984e-008 0.433884 -0.900969
UV: 0.774702 0.0120096

Position: 10.1922 1.25127 0.345812
Normal: -2.96984e-008 0.433884 -0.900969
UV: 0.774702 0.0880454

Position: 10.1922 0.38379 0.147814
Normal: -5.02588e-008 9.73033e-009 -1
UV: 0.750708 0.0880457

Position: 13.0119 0.38379 0.147814
Normal: -5.02588e-008 9.73033e-009 -1
UV: 0.750708 0.0120099

Position: 13.0119 1.94694 0.900587
Normal: 2.43679e-008 0.781832 -0.62349
UV: 0.798696 0.0120094

Position: 10.1922 1.94694 0.900587
Normal: 2.43679e-008 0.781832 -0.62349
UV: 0.798697 0.0880451

Position: 13.0119 2.333 1.70226
Normal: 7.38246e-008 0.974928 -0.222521
UV: 0.82269 0.0120091

Position: 10.1922 2.333 1.70226
Normal: 7.38246e-008 0.974928 -0.222521
UV: 0.822691 0.0880449

Position: 13.0119 2.333 2.59205
Normal: 8.29625e-008 0.974928 0.222521
UV: 0.846684 0.0120089

Position: 10.1922 2.333 2.59205
Normal: 8.29625e-008 0.974928 0.222521
UV: 0.846685 0.0880446

Position: 13.0119 1.94694 3.39373
Normal: 7.00577e-008 0.781832 0.62349
UV: 0.870678 0.0120086

Position: 10.1922 1.94694 3.39373
Normal: 7.00577e-008 0.781832 0.62349
UV: 0.870679 0.0880443

Position: 10.1922 1.25127 3.9485
Normal: 5.40663e-008 0.433884 0.900969
UV: 0.894673 0.0880441

Position: 13.0119 1.25127 3.9485
Normal: 5.40663e-008 0.433884 0.900969
UV: 0.894672 0.0120083

Position: 10.1922 0.38379 4.1465
Normal: 3.95978e-008 9.73033e-009 1
UV: 0.918667 0.0880438

Position: 13.0119 0.38379 4.1465
Normal: 3.95978e-008 -9.73033e-009 1
UV: 0.918666 0.012008

Position: 13.0119 0.38379 4.1465
Normal: 3.95978e-008 -9.73033e-009 1
UV: 0.582749 0.0120117

Position: 10.1922 -0.483692 3.9485
Normal: 1.97989e-008 -0.433884 0.900969
UV: 0.606744 0.0880471

Position: 10.1922 0.38379 4.1465
Normal: 3.95978e-008 9.73033e-009 1
UV: 0.58275 0.0880474

Position: 13.0119 -0.483692 3.9485
Normal: 1.97989e-008 -0.433884 0.900969
UV: 0.606743 0.0120114

Position: 10.1922 -1.17936 3.39373
Normal: 3.80748e-009 -0.781832 0.62349
UV: 0.630738 0.0880469

Position: 13.0119 -1.17936 3.39373
Normal: 3.80748e-009 -0.781832 0.62349
UV: 0.630737 0.0120112

Position: 10.1922 -1.56542 2.59205
Normal: 0 -0.974928 0.222521
UV: 0.654732 0.0880467

Position: 13.0119 -1.56542 2.59205
Normal: 0 -0.974928 0.222521
UV: 0.654731 0.012011

Position: 10.1922 -1.56542 1.70226
Normal: -2.36064e-008 -0.974928 -0.222521
UV: 0.678726 0.0880464

Position: 13.0119 -1.56542 1.70226
Normal: -2.36064e-008 -0.974928 -0.222521
UV: 0.678725 0.0120106

Position: 10.1922 -1.17936 0.900587
Normal: -6.54887e-008 -0.781831 -0.62349
UV: 0.70272 0.0880462

Position: 13.0119 -1.17936 0.900587
Normal: -6.54887e-008 -0.781831 -0.62349
UV: 0.702719 0.0120104

Position: 13.0119 -0.483692 0.345811
Normal: -6.85347e-008 -0.433884 -0.900969
UV: 0.726713 0.0120102

Position: 10.1922 -0.483691 0.345812
Normal: -6.85347e-008 -0.433884 -0.900969
UV: 0.726714 0.088046

Position: 12.3885 -0.0502794 1.2458
Normal: 0.892711 0.195521 0.406003
UV: 0.928961 0.549784

Position: 12.3885 -0.591556 1.92454
Normal: 0.892711 0.439332 0.100275
UV: 0.943557 0.531481

Position: 12.3885 0.38379 1.14673
Normal: 0.892711 2.34755e-007 0.45063
UV: 0.917256 0.552456

Position: 12.3885 -0.398376 1.5234
Normal: 0.892711 0.352316 0.280963
UV: 0.938348 0.542299

Position: 13.0119 1.25127 0.345811
Normal: 1 0 0
UV: 0.893864 0.574054

Position: 13.0119 0.38379 0.580086
Normal: 1 0 0
UV: 0.917256 0.567736

Position: 13.0119 1.06372 0.735275
Normal: 1 0 0
UV: 0.898921 0.563551

Position: 13.0119 0.38379 0.147814
Normal: 1 0 0
UV: 0.917256 0.579393

Position: 13.0119 1.94694 0.900587
Normal: 1 0 0
UV: 0.875104 0.559094

Position: 13.0119 1.60898 1.1701
Normal: 1 0 0
UV: 0.884218 0.551826

Position: 13.0119 2.333 1.70226
Normal: 1 0 0
UV: 0.864694 0.537476

Position: 13.0119 1.91157 1.79845
Normal: 1 0 0
UV: 0.876058 0.534882

Position: 13.0119 2.333 2.59205
Normal: 1 0 0
UV: 0.864694 0.513482

Position: 13.0119 1.91157 2.49586
Normal: 1 0 0
UV: 0.876058 0.516075

Position: 13.0119 1.94694 3.39373
Normal: 1 0 0
UV: 0.875104 0.491864

Position: 13.0119 1.60898 3.12421
Normal: 1 0 0
UV: 0.884218 0.499132

Position: 13.0119 1.25127 3.9485
Normal: 1 0 0
UV: 0.893864 0.476903

Position: 13.0119 1.06372 3.55904
Normal: 1 0 0
UV: 0.898921 0.487406

Position: 13.0119 0.38379 3.71423
Normal: 1 0 0
UV: 0.917256 0.483221

Position: 13.0119 0.38379 4.1465
Normal: 1 0 0
UV: 0.917256 0.471564

Position: 13.0119 -0.483692 3.9485
Normal: 1 0 0
UV: 0.940648 0.476903

Position: 13.0119 -0.296136 3.55904
Normal: 1 0 0
UV: 0.935591 0.487406

Position: 13.0119 -1.17936 3.39373
Normal: 1 0 0
UV: 0.959408 0.491863

Position: 13.0119 -0.841395 3.12421
Normal: 1 0 0
UV: 0.950294 0.499131

Position: 13.0119 -1.14399 2.49586
Normal: 1 0 0
UV: 0.958454 0.516075

Position: 13.0119 -1.56542 2.59205
Normal: 1 0 0
UV: 0.969819 0.513481

Position: 13.0119 -1.14399 1.79845
Normal: 1 0 0
UV: 0.958454 0.534882

Position: 13.0119 -1.56542 1.70226
Normal: 1 0 0
UV: 0.969819 0.537475

Position: 13.0119 -1.17936 0.900587
Normal: 1 0 0
UV: 0.959408 0.559093

Position: 13.0119 -0.841395 1.1701
Normal: 1 0 0
UV: 0.950295 0.551825

Position: 13.0119 -0.483692 0.345811
Normal: 1 0 0
UV: 0.940649 0.574053

Position: 13.0119 -0.296136 0.735275
Normal: 1 0 0
UV: 0.935591 0.563551

Position: 12.3885 0.81786 1.2458
Normal: 0.892711 -0.195521 0.406004
UV: 0.905551 0.549784

Position: 13.0119 1.06372 0.735275
Normal: 0.67259 -0.32108 0.666731
UV: 0.898921 0.563551

Position: 13.0119 0.38379 0.580086
Normal: 0.67259 -1.59572e-008 0.740015
UV: 0.917256 0.567736

Position: 12.3885 1.16596 1.5234
Normal: 0.892711 -0.352316 0.280963
UV: 0.896164 0.542299

Position: 13.0119 1.60898 1.1701
Normal: 0.67259 -0.578567 0.461392
UV: 0.884218 0.551826

Position: 13.0119 1.91157 1.79845
Normal: 0.67259 -0.721462 0.164669
UV: 0.876058 0.534882

Position: 12.3885 1.35914 1.92454
Normal: 0.892711 -0.439332 0.100274
UV: 0.890955 0.531482

Position: 12.3885 1.35914 2.36977
Normal: 0.892711 -0.439331 -0.100274
UV: 0.890955 0.519475

Position: 13.0119 1.91157 2.49586
Normal: 0.67259 -0.721461 -0.164669
UV: 0.876058 0.516075

Position: 13.0119 1.60898 3.12421
Normal: 0.67259 -0.578567 -0.461392
UV: 0.884218 0.499132

Position: 12.3885 1.16596 2.77091
Normal: 0.892711 -0.352316 -0.280963
UV: 0.896164 0.508658

Position: 13.0119 1.06372 3.55904
Normal: 0.67259 -0.321081 -0.666731
UV: 0.898921 0.487406

Position: 12.3885 0.81786 3.04851
Normal: 0.892711 -0.195521 -0.406003
UV: 0.905551 0.501173

Position: 13.0119 0.38379 3.71423
Normal: 0.67259 0 -0.740015
UV: 0.917256 0.483221

Position: 12.3885 0.38379 3.14759
Normal: 0.892711 0 -0.45063
UV: 0.917256 0.498501

Position: 12.3885 -0.0502795 3.04851
Normal: 0.892711 0.195521 -0.406003
UV: 0.928961 0.501173

Position: 13.0119 -0.296136 3.55904
Normal: 0.67259 0.321081 -0.666731
UV: 0.935591 0.487406

Position: 13.0119 -0.841395 3.12421
Normal: 0.67259 0.578567 -0.461392
UV: 0.950294 0.499131

Position: 12.3885 -0.398376 2.77091
Normal: 0.892711 0.352316 -0.280963
UV: 0.938348 0.508658

Position: 13.0119 -1.14399 2.49586
Normal: 0.67259 0.721462 -0.164669
UV: 0.958454 0.516075

Position: 12.3885 -0.591556 2.36977
Normal: 0.892711 0.439331 -0.100274
UV: 0.943557 0.519475

Position: 13.0119 -1.14399 1.79845
Normal: 0.67259 0.721462 0.164669
UV: 0.958454 0.534882

Position: 13.0119 -0.841395 1.1701
Normal: 0.67259 0.578567 0.461392
UV: 0.950295 0.551825

Position: 13.0119 -0.296136 0.735275
Normal: 0.67259 0.321081 0.666731
UV: 0.935591 0.563551

Position: 2.05226 -2.084 7.83917
Normal: 0 -0.849972 -0.526828
UV: 0.967313 0.653858

Position: 6.28744 -2.084 7.83917
Normal: 0 -0.849972 -0.526828
UV: 0.967314 0.768064

Position: 2.05226 -1.28587 6.55148
Normal: 0 -0.849972 -0.526828
UV: 0.92646 0.653858

Position: 6.28744 -1.28587 6.55148
Normal: 0 -0.849972 -0.526828
UV: 0.92646 0.768064

Position: 6.28744 -0.483118 8.81268
Normal: 1 0 0
UV: 0.966884 0.818587

Position: 6.28744 -1.28587 6.55148
Normal: 1 0 0
UV: 0.92646 0.768064

Position: 6.28744 -2.084 7.83917
Normal: 1 0 0
UV: 0.967314 0.768064

Position: 6.28744 0.315021 7.52498
Normal: 1 0 0
UV: 0.926031 0.818587

Position: 2.05226 -0.483118 8.81268
Normal: 0 0.849972 0.526828
UV: 0.966884 0.932793

Position: 6.28744 0.315021 7.52498
Normal: 0 0.849972 0.526828
UV: 0.926031 0.818587

Position: 6.28744 -0.483118 8.81268
Normal: 0 0.849972 0.526828
UV: 0.966884 0.818587

Position: 2.05226 0.315021 7.52498
Normal: 0 0.849972 0.526828
UV: 0.926031 0.932793

Position: 2.05226 -0.483118 8.81268
Normal: -1 0 0
UV: 0.966883 0.603335

Position: 2.05226 -1.28587 6.55148
Normal: -1 0 0
UV: 0.92646 0.653858

Position: 2.05226 0.315021 7.52498
Normal: -1 0 0
UV: 0.92603 0.603336

Position: 2.05226 -2.084 7.83917
Normal: -1 0 0
UV: 0.967313 0.653858

Position: 10.4225 -1.83143 3.64522
Normal: 0 -1 0
UV: 0.0759373 0.48354

Position: 1.46864 -1.83143 6.357
Normal: 0 -1 0
UV: 0.317386 0.410413

Position: 6.86202 -1.83143 6.357
Normal: 0 -1 0
UV: 0.171948 0.410414

Position: -1.00021 -0.928631 11.8918
Normal: -1.58852e-007 0.587785 0.809017
UV: 0.788733 0.101569

Position: 8.57128 -0.92863 11.8918
Normal: -1.58852e-007 0.587785 0.809017
UV: 0.788736 0.359673

Position: 8.57128 -2.40851 12.3727
Normal: -1.99354e-007 2.79288e-007 1
UV: 0.746776 0.359674

Position: -1.00021 -2.40851 12.3727
Normal: -1.99354e-007 2.59339e-007 1
UV: 0.746773 0.101569

Position: 8.57128 -0.0140166 10.633
Normal: -1.03631e-007 0.951057 0.309017
UV: 0.830696 0.359673

Position: -1.00021 -0.0140173 10.633
Normal: -1.03631e-007 0.951057 0.309017
UV: 0.830693 0.101568

Position: -1.00021 -0.0140173 9.07694
Normal: 6.10069e-008 0.951056 -0.309017
UV: 0.872653 0.101568

Position: 8.57128 -0.014017 9.07694
Normal: 6.10069e-008 0.951057 -0.309017
UV: 0.872656 0.359672

Position: 8.57128 -0.928631 7.81809
Normal: 2.29862e-007 0.587785 -0.809017
UV: 0.914616 0.359672

Position: -1.00021 -0.928631 7.81808
Normal: 2.29862e-007 0.587785 -0.809017
UV: 0.914613 0.101567

Position: 8.57128 -2.40851 7.33724
Normal: 3.02976e-007 9.97456e-009 -1
UV: 0.956576 0.359671

Position: -1.00021 -2.40851 7.33724
Normal: 3.02976e-007 -9.97457e-009 -1
UV: 0.956573 0.101567

Position: -1.00021 -2.40851 7.33724
Normal: 3.02976e-007 -9.97457e-009 -1
UV: 0.536973 0.101571

Position: 8.57128 -3.88838 7.81809
Normal: 2.61422e-007 -0.587785 -0.809017
UV: 0.575347 0.359676

Position: 8.57128 -2.40851 7.33724
Normal: 3.02976e-007 9.97456e-009 -1
UV: 0.536976 0.359676

Position: -1.00021 -3.88838 7.81808
Normal: 2.61422e-007 -0.587785 -0.809017
UV: 0.575344 0.101571

Position: -1.00021 -4.803 9.07694
Normal: 9.78359e-008 -0.951057 -0.309017
UV: 0.617304 0.101571

Position: 8.57128 -4.803 9.07694
Normal: 9.78359e-008 -0.951057 -0.309017
UV: 0.617307 0.359675

Position: -1.00021 -4.803 10.633
Normal: -6.52239e-008 -0.951056 0.309017
UV: 0.662853 0.10157

Position: 8.57128 -4.803 10.633
Normal: -6.52239e-008 -0.951056 0.309017
UV: 0.662856 0.359675

Position: 8.57128 -3.88838 11.8918
Normal: -1.79892e-007 -0.587785 0.809017
UV: 0.704816 0.359674

Position: -1.00021 -3.88838 11.8918
Normal: -1.79892e-007 -0.587785 0.809017
UV: 0.704813 0.10157

Position: 9.65735 -2.40851 11.4274
Normal: 1 1.59422e-007 4.38852e-007
UV: 0.0914113 0.279286

Position: 9.65735 -1.48423 8.5828
Normal: 1 1.59422e-007 2.19426e-007
UV: 0.116335 0.202578

Position: 9.65735 -3.33279 11.1271
Normal: 1 1.59422e-007 2.19426e-007
UV: 0.066487 0.271188

Position: 9.65735 -0.91299 9.36904
Normal: 1 1.59422e-007 4.38852e-007
UV: 0.131739 0.223779

Position: 9.65735 -1.48423 11.1271
Normal: 0.656504 0.443379 0.61026
UV: 0.116335 0.271188

Position: 8.57128 -2.40851 12.3727
Normal: 0.656504 3.59274e-007 0.754322
UV: 0.0914116 0.304775

Position: 8.57128 -0.92863 11.8918
Normal: 0.656504 0.443379 0.61026
UV: 0.131318 0.291809

Position: 9.65735 -2.40851 11.4274
Normal: 0.656504 3.63009e-007 0.754322
UV: 0.0914113 0.279286

Position: 9.65735 -3.33279 11.1271
Normal: 0.656504 -0.443379 0.61026
UV: 0.066487 0.271188

Position: 8.57128 -3.88838 11.8918
Normal: 0.656504 -0.443379 0.61026
UV: 0.0515051 0.29181

Position: 8.57128 -4.803 10.633
Normal: 0.656504 -0.717403 0.233098
UV: 0.0268413 0.257863

Position: 9.65735 -3.90402 10.3409
Normal: 0.656504 -0.717403 0.233098
UV: 0.0510828 0.249987

Position: 9.65735 -3.90402 9.36904
Normal: 0.656504 -0.717403 -0.233099
UV: 0.0510825 0.22378

Position: 8.57128 -4.803 9.07694
Normal: 0.656504 -0.717403 -0.233098
UV: 0.0268408 0.215903

Position: 8.57128 -3.88838 7.81809
Normal: 0.656504 -0.44338 -0.61026
UV: 0.0515039 0.181957

Position: 9.65735 -3.33279 8.5828
Normal: 0.656504 -0.44338 -0.61026
UV: 0.0664862 0.202578

Position: 8.57128 -2.40851 7.33724
Normal: 0.656504 1.12273e-008 -0.754323
UV: 0.0914102 0.16899

Position: 9.65735 -2.40851 8.28248
Normal: 0.656504 1.72862e-008 -0.754323
UV: 0.0914105 0.194479

Position: 9.65735 -1.48423 8.5828
Normal: 0.656504 0.44338 -0.61026
UV: 0.116335 0.202578

Position: 8.57128 -0.928631 7.81809
Normal: 0.656504 0.44338 -0.61026
UV: 0.131316 0.181956

Position: 9.65735 -0.91299 9.36904
Normal: 0.656504 0.717403 -0.233099
UV: 0.131739 0.223779

Position: 8.57128 -0.014017 9.07694
Normal: 0.656504 0.717403 -0.233099
UV: 0.15598 0.215902

Position: 9.65735 -0.912989 10.3409
Normal: 0.656504 0.717403 0.233098
UV: 0.131739 0.249985

Position: 8.57128 -0.0140166 10.633
Normal: 0.656504 0.717403 0.233098
UV: 0.155981 0.257862

Position: -1.00021 -2.40851 12.3727
Normal: -1 1.17526e-008 -2.37921e-007
UV: 0.113415 0.147589

Position: -1.00021 -0.0140173 9.07694
Normal: -1 1.17527e-008 -2.37921e-007
UV: 0.14736 0.0431123

Position: -1.00021 -0.928631 11.8918
Normal: -1 -3.22214e-007 -4.4349e-007
UV: 0.147361 0.122925

Position: -1.00021 -0.0140173 10.633
Normal: -1 -3.22214e-007 -4.4349e-007
UV: 0.160327 0.0830187

Position: 9.65735 -1.48423 11.1271
Normal: 1 -3.18844e-007 4.38852e-007
UV: 0.116335 0.271188

Position: 9.65735 -0.912989 10.3409
Normal: 1 -3.18844e-007 4.38852e-007
UV: 0.131739 0.249985

Position: 9.65735 -2.40851 8.28248
Normal: 1 0 0
UV: 0.0914105 0.194479

Position: 9.65735 -3.90402 10.3409
Normal: 1 0 0
UV: 0.0510828 0.249987

Position: 9.65735 -3.90402 9.36904
Normal: 1 0 0
UV: 0.0510825 0.22378

Position: 9.65735 -3.33279 8.5828
Normal: 1 0 0
UV: 0.0664862 0.202578

Position: -1.00021 -3.88838 11.8918
Normal: -1 -3.80322e-008 -2.21745e-007
UV: 0.071455 0.147589

Position: -1.00021 -0.928631 7.81808
Normal: -1 -3.80322e-008 -2.21745e-007
UV: 0.113413 0.0184495

Position: -1.00021 -2.40851 7.33724
Normal: -1 -1.49355e-007 -2.05569e-007
UV: 0.0714535 0.0184499

Position: -1.00021 -4.803 10.633
Normal: -1 -1.49355e-007 -2.05569e-007
UV: 0.0375083 0.122926

Position: -1.00021 -4.803 9.07694
Normal: -1 0 0
UV: 0.0245414 0.0830202

Position: -1.00021 -3.88838 7.81808
Normal: -1 0 0
UV: 0.0375074 0.0431135

Position: -2.06465 -0.268632 10.0869
Normal: 0 0.866025 0.500001
UV: 0.208373 0.113989

Position: -0.910573 -0.268632 10.0869
Normal: 0 0.866025 0.500001
UV: 0.208373 0.0828674

Position: -0.910573 -0.651078 10.3077
Normal: 0 -1.09539e-007 1
UV: 0.220281 0.0828674

Position: -2.06465 -0.651078 10.3077
Normal: 0 -8.76313e-008 1
UV: 0.220281 0.113989

Position: -2.06465 -0.268632 9.64527
Normal: 0 0.866026 -0.5
UV: 0.196464 0.113989

Position: -0.910573 -0.268632 9.64527
Normal: 0 0.866025 -0.5
UV: 0.196464 0.0828676

Position: -2.06465 -0.651078 9.42447
Normal: 0 -2.19078e-008 -1
UV: 0.184556 0.113989

Position: -0.910573 -0.651078 9.42447
Normal: 0 -2.19078e-008 -1
UV: 0.184556 0.0828676

Position: -2.06465 -1.03352 9.64527
Normal: 0 -0.866026 -0.5
UV: 0.244098 0.113988

Position: -0.910573 -0.651078 9.42447
Normal: 0 -2.19078e-008 -1
UV: 0.256007 0.0828673

Position: -2.06465 -0.651078 9.42447
Normal: 0 -2.19078e-008 -1
UV: 0.256007 0.113988

Position: -0.910573 -1.03352 9.64527
Normal: 0 -0.866025 -0.5
UV: 0.244098 0.0828673

Position: -0.910573 -1.03352 10.0869
Normal: 0 -0.866025 0.500001
UV: 0.23219 0.0828674

Position: -2.06465 -1.03352 10.0869
Normal: 0 -0.866025 0.500001
UV: 0.23219 0.113989

Position: -2.06465 -1.03352 9.64527
Normal: -1 -4.48756e-013 -3.59923e-007
UV: 0.188937 0.117894

Position: -2.06465 -0.651078 10.3077
Normal: -1 -2.58834e-020 -3.59923e-007
UV: 0.188937 0.13852

Position: -2.06465 -1.03352 10.0869
Normal: -1 -4.48756e-013 -3.59923e-007
UV: 0.182983 0.128207

Position: -2.06465 -0.651078 9.42447
Normal: -1 -7.76503e-020 -3.59923e-007
UV: 0.200845 0.117894

Position: -0.910573 -0.845691 8.9324
Normal: 0 0.707107 0.707106
UV: 0.415716 0.0100589

Position: -2.06465 -0.845691 8.9324
Normal: 0 0.707107 0.707106
UV: 0.415716 0.0411802

Position: -2.06465 -0.731394 8.50583
Normal: 0 0.965926 -0.258818
UV: 0.403808 0.0411803

Position: -0.910573 -0.731394 8.50583
Normal: 0 0.965926 -0.258818
UV: 0.403808 0.0100589

Position: -2.06465 -1.04366 8.19357
Normal: 0 0.25882 -0.965926
UV: 0.391899 0.0411803

Position: -0.910573 -1.04366 8.19357
Normal: 0 0.25882 -0.965926
UV: 0.391899 0.0100589

Position: -2.06465 -1.47022 8.30787
Normal: 0 -0.707107 -0.707107
UV: 0.379991 0.0411803

Position: -0.910573 -1.47022 8.30787
Normal: 0 -0.707107 -0.707107
UV: 0.379991 0.010059

Position: -0.910573 -1.47022 8.30787
Normal: 0 -0.707107 -0.707107
UV: 0.451442 0.0100587

Position: -2.06465 -1.47022 8.30787
Normal: 0 -0.707107 -0.707107
UV: 0.451442 0.0411795

Position: -2.06465 -1.58452 8.73443
Normal: 0 -0.965926 0.258819
UV: 0.439533 0.0411796

Position: -0.910573 -1.58452 8.73443
Normal: 0 -0.965926 0.258819
UV: 0.439533 0.0100588

Position: -0.910573 -1.27225 9.04669
Normal: 0 -0.258818 0.965926
UV: 0.427625 0.0100588

Position: -2.06465 -1.27225 9.04669
Normal: 0 -0.258818 0.965926
UV: 0.427625 0.0411801

Position: -2.06465 -0.845691 8.9324
Normal: -1 -2.54504e-007 -2.54504e-007
UV: 0.384372 0.0657115

Position: -2.06465 -1.58452 8.73443
Normal: -1 -2.54505e-007 -2.54504e-007
UV: 0.384372 0.0450854

Position: -2.06465 -1.47022 8.30787
Normal: -1 -2.54504e-007 -2.54504e-007
UV: 0.39628 0.0450853

Position: -2.06465 -1.27225 9.04669
Normal: -1 -2.54505e-007 -2.54504e-007
UV: 0.378418 0.0553982

Position: -0.910573 -1.95578 8.09753
Normal: 0 1 -2.40986e-007
UV: 0.416889 0.074162

Position: -2.06465 -1.95578 8.09753
Normal: 0 1 -2.62894e-007
UV: 0.416889 0.105283

Position: -2.06465 -2.17658 7.71509
Normal: 0 0.5 -0.866025
UV: 0.40498 0.105283

Position: -0.910573 -2.17658 7.71509
Normal: 0 0.5 -0.866025
UV: 0.40498 0.074162

Position: -2.06465 -2.61819 7.71509
Normal: 0 -0.5 -0.866026
UV: 0.393072 0.105283

Position: -0.910573 -2.61819 7.71509
Normal: 0 -0.5 -0.866026
UV: 0.393072 0.074162

Position: -2.06465 -2.839 8.09753
Normal: 0 -1 -3.0671e-007
UV: 0.381163 0.105283

Position: -0.910573 -2.839 8.09753
Normal: 0 -1 -3.0671e-007
UV: 0.381163 0.0741621

Position: -0.910573 -2.839 8.09753
Normal: 0 -1 -3.0671e-007
UV: 0.452614 0.0741618

Position: -2.06465 -2.839 8.09753
Normal: 0 -1 -3.0671e-007
UV: 0.452614 0.105283

Position: -2.06465 -2.61819 8.47998
Normal: 0 -0.5 0.866025
UV: 0.440706 0.105283

Position: -0.910573 -2.61819 8.47998
Normal: 0 -0.5 0.866025
UV: 0.440706 0.0741619

Position: -0.910573 -2.17658 8.47998
Normal: 0 0.500001 0.866025
UV: 0.428797 0.074162

Position: -2.06465 -2.17658 8.47998
Normal: 0 0.500001 0.866025
UV: 0.428797 0.105283

Position: -2.06465 -2.61819 8.47998
Normal: -1 -3.59923e-007 3.36567e-013
UV: 0.385545 0.109189

Position: -2.06465 -1.95578 8.09753
Normal: -1 -3.59923e-007 -1.42359e-019
UV: 0.385545 0.129815

Position: -2.06465 -2.17658 8.47998
Normal: -1 -3.59923e-007 3.36567e-013
UV: 0.37959 0.119501

Position: -2.06465 -2.839 8.09753
Normal: -1 -3.59923e-007 -1.29417e-019
UV: 0.397453 0.109188

Position: -0.910573 -3.33107 8.29214
Normal: 0 0.707106 -0.707107
UV: 0.321775 0.0109876

Position: -2.06465 -3.33107 8.29214
Normal: 0 0.707106 -0.707107
UV: 0.321775 0.042109

Position: -2.06465 -3.75763 8.17785
Normal: 0 -0.258818 -0.965926
UV: 0.309866 0.042109

Position: -0.910573 -3.75763 8.17785
Normal: 0 -0.258818 -0.965926
UV: 0.309866 0.0109878

Position: -2.06465 -4.06989 8.49011
Normal: 0 -0.965926 -0.258819
UV: 0.297958 0.0421091

Position: -0.910573 -4.06989 8.49011
Normal: 0 -0.965926 -0.258819
UV: 0.297958 0.0109878

Position: -2.06465 -3.9556 8.91667
Normal: 0 -0.707106 0.707107
UV: 0.286049 0.0421091

Position: -0.910573 -3.9556 8.91667
Normal: 0 -0.707106 0.707107
UV: 0.286049 0.0109878

Position: -2.06465 -3.52903 9.03097
Normal: 0 0.258819 0.965926
UV: 0.345592 0.0421084

Position: -0.910573 -3.52903 9.03097
Normal: 0 0.258819 0.965926
UV: 0.345592 0.0109875

Position: -0.910573 -3.9556 8.91667
Normal: 0 -0.707106 0.707107
UV: 0.3575 0.0109875

Position: -2.06465 -3.9556 8.91667
Normal: 0 -0.707106 0.707107
UV: 0.3575 0.0421084

Position: -0.910573 -3.21677 8.71871
Normal: 0 0.965926 0.258818
UV: 0.333683 0.0109876

Position: -2.06465 -3.21677 8.71871
Normal: 0 0.965926 0.258818
UV: 0.333683 0.042109

Position: -2.06465 -3.9556 8.91667
Normal: -1 -2.54504e-007 2.54504e-007
UV: 0.302339 0.0460142

Position: -2.06465 -3.33107 8.29214
Normal: -1 -2.54504e-007 2.54504e-007
UV: 0.290431 0.0666404

Position: -2.06465 -3.52903 9.03097
Normal: -1 -2.54504e-007 2.54504e-007
UV: 0.290431 0.0460142

Position: -2.06465 -3.21677 8.71871
Normal: -1 -2.54504e-007 2.54504e-007
UV: 0.284476 0.0563271

Position: -2.06465 -4.54838 9.62303
Normal: 0 -0.866025 -0.500001
UV: 0.209916 0.260577

Position: -0.910573 -4.16593 9.40223
Normal: 0 -1.09539e-007 -1
UV: 0.221824 0.229456

Position: -2.06465 -4.16593 9.40223
Normal: 0 -1.31447e-007 -1
UV: 0.221825 0.260577

Position: -0.910573 -4.54838 9.62303
Normal: 0 -0.866025 -0.500001
UV: 0.209916 0.229456

Position: -2.06465 -4.54838 10.0646
Normal: 0 -0.866025 0.5
UV: 0.198007 0.260577

Position: -0.910573 -4.54838 10.0646
Normal: 0 -0.866025 0.5
UV: 0.198007 0.229456

Position: -2.06465 -4.16593 10.2854
Normal: 0 4.38157e-007 1
UV: 0.186099 0.260577

Position: -0.910573 -4.16593 10.2854
Normal: 0 4.38157e-007 1
UV: 0.186099 0.229456

Position: -2.06465 -3.78349 10.0646
Normal: 0 0.866026 0.5
UV: 0.245641 0.260577

Position: -0.910573 -3.78349 10.0646
Normal: 0 0.866026 0.5
UV: 0.245641 0.229456

Position: -0.910573 -4.16593 10.2854
Normal: 0 4.38157e-007 1
UV: 0.25755 0.229456

Position: -2.06465 -4.16593 10.2854
Normal: 0 4.38157e-007 1
UV: 0.25755 0.260577

Position: -0.910573 -3.78349 9.62303
Normal: 0 0.866025 -0.500001
UV: 0.233733 0.229456

Position: -2.06465 -3.78349 9.62303
Normal: 0 0.866025 -0.500001
UV: 0.233733 0.260577

Position: -2.06465 -4.16593 9.40223
Normal: -1 -2.58834e-020 3.59923e-007
UV: 0.19048 0.285108

Position: -2.06465 -3.78349 10.0646
Normal: -1 4.48756e-013 3.59923e-007
UV: 0.19048 0.264482

Position: -2.06465 -4.16593 10.2854
Normal: -1 2.07067e-019 3.59923e-007
UV: 0.202389 0.264482

Position: -2.06465 -3.78349 9.62303
Normal: -1 4.48756e-013 3.59923e-007
UV: 0.184526 0.274795

Position: -2.06465 -4.08561 11.2041
Normal: 0 -0.965926 0.258818
UV: 0.200109 0.183994

Position: -0.910573 -3.97132 10.7775
Normal: 0 -0.707107 -0.707106
UV: 0.212017 0.152873

Position: -2.06465 -3.97132 10.7775
Normal: 0 -0.707107 -0.707107
UV: 0.212017 0.183994

Position: -0.910573 -4.08561 11.2041
Normal: 0 -0.965926 0.258818
UV: 0.200108 0.152873

Position: -2.06465 -3.77335 11.5163
Normal: 0 -0.258819 0.965926
UV: 0.1882 0.183995

Position: -0.910573 -3.77335 11.5163
Normal: 0 -0.258819 0.965926
UV: 0.1882 0.152873

Position: -2.06465 -3.34679 11.4021
Normal: 0 0.707107 0.707107
UV: 0.176292 0.183995

Position: -0.910573 -3.34679 11.4021
Normal: 0 0.707107 0.707107
UV: 0.176292 0.152873

Position: -0.910573 -3.34679 11.4021
Normal: 0 0.707107 0.707107
UV: 0.247742 0.152873

Position: -2.06465 -3.34679 11.4021
Normal: 0 0.707107 0.707107
UV: 0.247743 0.183994

Position: -2.06465 -3.23249 10.9755
Normal: 0 0.965926 -0.258819
UV: 0.235834 0.183994

Position: -0.910573 -3.23249 10.9755
Normal: 0 0.965926 -0.258819
UV: 0.235834 0.152873

Position: -0.910573 -3.54476 10.6632
Normal: 0 0.258818 -0.965926
UV: 0.223925 0.152873

Position: -2.06465 -3.54476 10.6632
Normal: 0 0.258817 -0.965926
UV: 0.223926 0.183994

Position: -2.06465 -3.23249 10.9755
Normal: -1 2.54505e-007 2.54504e-007
UV: 0.180673 0.1879

Position: -2.06465 -3.97132 10.7775
Normal: -1 2.54504e-007 2.54504e-007
UV: 0.180673 0.208526

Position: -2.06465 -3.54476 10.6632
Normal: -1 2.54505e-007 2.54504e-007
UV: 0.174718 0.198213

Position: -2.06465 -3.34679 11.4021
Normal: -1 2.54504e-007 2.54504e-007
UV: 0.192581 0.1879

Position: -0.910573 -2.86123 11.6124
Normal: 0 -1 -2.19078e-008
UV: 0.318637 0.0828441

Position: -2.06465 -2.86123 11.6124
Normal: 0 -1 0
UV: 0.318638 0.113965

Position: -2.06465 -2.64043 11.9948
Normal: 0 -0.500001 0.866025
UV: 0.306729 0.113965

Position: -0.910573 -2.64043 11.9948
Normal: 0 -0.500001 0.866025
UV: 0.306729 0.0828441

Position: -2.06465 -2.19882 11.9948
Normal: 0 0.5 0.866026
UV: 0.29482 0.113965

Position: -0.910573 -2.19882 11.9948
Normal: 0 0.5 0.866026
UV: 0.29482 0.0828441

Position: -2.06465 -1.97801 11.6124
Normal: 0 1 0
UV: 0.282912 0.113966

Position: -0.910573 -1.97801 11.6124
Normal: 0 1 0
UV: 0.282912 0.0828442

Position: -0.910573 -1.97801 11.6124
Normal: 0 1 0
UV: 0.354363 0.0828439

Position: -2.06465 -1.97801 11.6124
Normal: 0 1 0
UV: 0.354363 0.113965

Position: -2.06465 -2.19882 11.2299
Normal: 0 0.5 -0.866026
UV: 0.342454 0.113965

Position: -0.910573 -2.19882 11.2299
Normal: 0 0.5 -0.866025
UV: 0.342454 0.082844

Position: -0.910573 -2.64043 11.2299
Normal: 0 -0.500001 -0.866025
UV: 0.330546 0.082844

Position: -2.06465 -2.64043 11.2299
Normal: 0 -0.500001 -0.866025
UV: 0.330546 0.113965

Position: -2.06465 -1.97801 11.6124
Normal: -1 3.59923e-007 0
UV: 0.299202 0.117871

Position: -2.06465 -2.86123 11.6124
Normal: -1 3.59923e-007 0
UV: 0.287293 0.138497

Position: -2.06465 -2.19882 11.2299
Normal: -1 3.59923e-007 -3.92662e-013
UV: 0.287293 0.117871

Position: -2.06465 -2.64043 11.2299
Normal: -1 3.59923e-007 -3.92662e-013
UV: 0.281339 0.128183

Position: -2.06465 -1.05938 11.5321
Normal: 0 0.258818 0.965926
UV: 0.21023 0.0423763

Position: -0.910573 -1.05938 11.5321
Normal: 0 0.258819 0.965926
UV: 0.21023 0.011255

Position: -0.910573 -1.48594 11.4178
Normal: 0 -0.707106 0.707107
UV: 0.222139 0.011255

Position: -2.06465 -1.48594 11.4178
Normal: 0 -0.707106 0.707107
UV: 0.222139 0.0423763

Position: -2.06465 -0.747114 11.2198
Normal: 0 0.965926 0.258819
UV: 0.198322 0.0423765

Position: -0.910573 -0.747114 11.2198
Normal: 0 0.965926 0.258819
UV: 0.198322 0.0112551

Position: -2.06465 -0.861411 10.7932
Normal: 0 0.707107 -0.707107
UV: 0.186413 0.0423765

Position: -0.910573 -0.861411 10.7932
Normal: 0 0.707107 -0.707107
UV: 0.186413 0.0112551

Position: -2.06465 -1.28797 10.6789
Normal: 0 -0.258819 -0.965926
UV: 0.245956 0.0423757

Position: -0.910573 -0.861411 10.7932
Normal: 0 0.707107 -0.707107
UV: 0.257864 0.0112548

Position: -2.06465 -0.861411 10.7932
Normal: 0 0.707107 -0.707107
UV: 0.257864 0.0423757

Position: -0.910573 -1.28797 10.6789
Normal: 0 -0.258819 -0.965926
UV: 0.245956 0.0112549

Position: -0.910573 -1.60024 10.9912
Normal: 0 -0.965926 -0.258818
UV: 0.234047 0.011255

Position: -2.06465 -1.60024 10.9912
Normal: 0 -0.965926 -0.258818
UV: 0.234047 0.0423763

Position: -2.06465 -1.48594 11.4178
Normal: -1 2.54504e-007 -2.54504e-007
UV: 0.190795 0.0669076

Position: -2.06465 -1.28797 10.6789
Normal: -1 2.54504e-007 -2.54505e-007
UV: 0.190795 0.0462815

Position: -2.06465 -0.861411 10.7932
Normal: -1 2.54504e-007 -2.54504e-007
UV: 0.202703 0.0462815

Position: -2.06465 -1.60024 10.9912
Normal: -1 2.54504e-007 -2.54505e-007
UV: 0.18484 0.0565944

Position: -2.06465 -0.268632 9.64527
Normal: -1 4.48756e-013 -3.59923e-007
UV: 0.2068 0.128207

Position: -2.06465 -0.268632 10.0869
Normal: -1 4.48756e-013 -3.59923e-007
UV: 0.200846 0.13852

Position: -2.06465 -1.05938 11.5321
Normal: -1 2.54504e-007 -2.54504e-007
UV: 0.202703 0.0669076

Position: -2.06465 -0.747114 11.2198
Normal: -1 2.54504e-007 -2.54504e-007
UV: 0.208657 0.0565943

Position: -2.06465 -2.19882 11.9948
Normal: -1 3.59923e-007 3.92662e-013
UV: 0.305156 0.128183

Position: -2.06465 -2.64043 11.9948
Normal: -1 3.59923e-007 3.92662e-013
UV: 0.299202 0.138497

Position: -2.06465 -3.77335 11.5163
Normal: -1 2.54504e-007 2.54505e-007
UV: 0.198536 0.198212

Position: -2.06465 -4.08561 11.2041
Normal: -1 2.54504e-007 2.54505e-007
UV: 0.192581 0.208526

Position: -2.06465 -4.54838 10.0646
Normal: -1 -4.48756e-013 3.59923e-007
UV: 0.208343 0.274795

Position: -2.06465 -4.54838 9.62303
Normal: -1 -4.48756e-013 3.59923e-007
UV: 0.202389 0.285108

Position: -2.06465 -3.75763 8.17785
Normal: -1 -2.54504e-007 2.54504e-007
UV: 0.302339 0.0666403

Position: -2.06465 -4.06989 8.49011
Normal: -1 -2.54504e-007 2.54504e-007
UV: 0.308293 0.056327

Position: -2.06465 -2.17658 7.71509
Normal: -1 -3.59923e-007 -3.36568e-013
UV: 0.397453 0.129815

Position: -2.06465 -2.61819 7.71509
Normal: -1 -3.59923e-007 -3.36568e-013
UV: 0.403407 0.119501

Position: -2.06465 -1.04366 8.19357
Normal: -1 -2.54504e-007 -2.54505e-007
UV: 0.402235 0.0553982

Position: -2.06465 -0.731394 8.50583
Normal: -1 -2.54504e-007 -2.54505e-007
UV: 0.396281 0.0657114


[INDEX_DATA]
0 1 2
1 3 2
4 5 6
7 8 9
7 9 10
11 12 13
11 13 14
15 16 17
16 15 18
15 5 19
15 19 18
20 21 22
22 21 23
22 23 24
24 23 25
26 27 28
26 28 29
30 31 32
31 30 33
34 35 36
34 36 37
38 39 40
39 38 41
24 42 43
42 24 25
44 45 46
45 44 47
44 42 47
42 44 43
48 49 50
49 4 50
6 50 4
51 52 53
52 51 54
55 56 57
56 55 58
56 59 60
56 60 57
61 60 59
60 61 62
61 63 64
61 64 62
51 63 54
63 51 64
65 66 67
66 65 68
69 70 71
71 70 72
73 74 75
74 73 76
77 78 79
78 77 80
81 82 83
81 83 84
85 86 87
86 85 88
89 90 91
91 90 92
93 94 95
94 96 95
97 58 55
96 98 99
98 96 94
93 100 101
100 93 95
102 103 104
102 104 105
106 107 108
107 106 109
110 111 112
111 110 113
114 115 116
115 114 117
118 119 120
119 118 121
122 120 123
120 122 118
124 125 123
122 123 125
126 127 124
125 124 127
128 129 126
127 126 129
130 129 128
129 130 131
132 131 130
131 132 133
134 135 136
135 134 137
138 137 134
137 138 139
140 139 138
139 140 141
142 141 140
141 142 143
144 143 142
143 144 145
146 144 147
144 146 145
121 147 119
147 121 146
148 149 150
149 148 151
152 153 154
153 152 155
154 156 157
156 154 153
157 158 159
158 157 156
160 159 158
159 160 161
162 161 160
161 162 163
163 164 165
164 163 162
166 165 164
164 167 166
168 166 167
166 168 169
170 169 168
169 170 171
172 170 173
170 172 171
173 174 175
173 175 172
175 176 177
176 175 174
178 177 176
177 178 179
152 178 155
178 152 179
180 181 182
181 180 150
183 180 182
182 184 183
185 183 184
183 185 186
187 185 188
185 187 186
189 188 190
188 189 187
189 191 192
191 189 190
192 193 194
193 192 191
194 193 195
193 196 195
197 196 198
196 197 195
199 197 198
197 199 200
148 199 201
199 148 200
151 201 202
201 151 148
203 151 202
151 203 149
181 149 203
149 181 150
204 205 206
204 206 207
208 209 210
208 210 211
212 213 214
212 214 215
216 217 218
217 216 219
220 221 222
3 221 220
3 223 221
223 3 1
224 225 226
225 224 227
228 224 226
224 228 229
230 228 231
228 230 229
232 230 231
230 232 233
234 233 232
233 234 235
236 237 238
237 236 239
240 236 241
236 240 239
242 241 243
241 242 240
244 242 243
242 244 245
227 244 225
244 227 245
246 247 248
247 246 249
250 251 252
251 250 253
252 251 254
251 255 254
256 254 255
254 256 257
257 256 258
256 259 258
258 260 261
260 258 259
262 261 260
261 262 263
264 262 265
262 264 263
266 264 265
265 267 266
266 267 268
267 269 268
268 253 250
253 268 269
270 271 272
270 272 273
246 248 274
274 248 275
276 249 277
249 276 247
278 276 277
276 278 279
280 270 281
271 270 280
280 282 283
282 280 281
283 282 284
284 282 285
286 287 288
287 286 289
290 288 291
288 290 286
292 293 291
290 291 293
294 295 296
297 296 295
298 295 294
295 298 299
287 299 298
299 287 289
300 301 302
302 301 303
304 305 306
305 304 307
308 306 309
306 308 304
310 311 309
308 309 311
312 313 314
313 312 315
316 312 314
312 316 317
305 317 316
317 305 307
318 319 320
318 320 321
322 323 324
323 322 325
326 327 324
322 324 327
328 326 329
326 328 327
330 331 332
331 330 333
334 330 332
330 334 335
323 335 334
335 323 325
336 337 338
337 339 338
340 341 342
343 342 341
344 345 340
341 340 345
346 344 347
344 346 345
348 349 350
349 348 351
352 348 350
348 352 353
342 353 352
353 342 343
354 355 356
355 354 357
358 359 360
361 360 359
362 358 363
358 362 359
364 363 365
363 364 362
366 367 368
367 366 369
370 366 368
366 370 371
360 371 370
371 360 361
372 373 374
372 374 375
376 377 378
377 376 379
380 378 381
378 380 376
382 381 383
381 382 380
384 385 386
385 384 387
388 384 386
384 388 389
377 389 388
389 377 379
390 391 392
390 392 393
394 395 396
395 394 397
398 396 399
396 398 394
400 399 401
399 400 398
402 403 404
403 402 405
406 402 404
402 406 407
395 407 406
407 395 397
408 409 410
409 408 411
412 413 414
413 412 415
416 414 417
414 416 412
418 417 419
417 418 416
420 421 422
423 422 421
424 421 420
421 424 425
413 425 424
425 413 415
426 427 428
426 428 429
302 430 300
430 302 431
432 427 426
427 432 433
410 409 434
434 409 435
390 436 391
436 390 437
438 372 439
373 372 438
356 440 441
440 356 355
442 337 443
339 337 442
319 318 444
318 445 444
192 187 189
194 187 192
187 195 186
195 187 194
186 195 183
197 183 195
183 200 180
200 183 197
180 148 150
148 180 200
103 446 104
4 19 5
447 1 448
448 1 449
450 451 452
453 454 455
454 453 456
457 13 12
13 457 458
459 460 461
460 459 462
462 463 460
463 452 460
464 22 465
22 464 20
465 24 466
24 465 22
467 468 469
468 467 470
471 472 473
472 471 474
475 476 477
478 477 476
479 480 481
480 479 482
466 24 483
483 24 43
484 44 485
485 44 46
483 44 484
44 483 43
486 487 488
487 451 450
487 450 488
52 489 53
489 52 490
491 492 493
492 491 494
493 495 491
495 493 496
496 497 495
497 496 498
499 497 498
497 499 500
489 500 499
490 500 489
65 501 68
501 65 502
503 71 504
71 72 504
505 506 507
506 505 508
509 510 511
512 511 510
513 514 515
516 515 514
517 518 519
520 519 518
521 522 523
522 524 523
525 526 527
525 528 526
529 492 494
528 98 526
98 528 99
527 530 525
530 527 531
532 533 534
103 533 532
535 536 537
536 535 538
539 540 541
539 541 542
115 543 116
543 115 544
545 546 547
545 547 548
549 550 546
549 546 545
551 552 550
551 550 549
553 554 552
553 552 551
555 556 554
555 554 553
555 557 556
557 555 558
558 559 557
559 558 560
561 562 563
562 561 564
564 565 562
565 564 566
567 566 568
566 567 565
569 568 570
568 569 567
571 570 572
570 571 569
573 574 571
573 571 572
548 547 574
548 574 573
575 576 577
576 575 578
579 580 581
580 579 582
581 583 579
583 581 584
584 585 583
585 584 586
586 587 585
587 586 588
589 588 590
588 589 587
591 590 592
590 591 589
593 591 592
591 593 594
593 595 594
595 593 596
597 596 598
596 597 595
599 600 597
599 597 598
600 601 602
601 600 599
601 603 602
603 601 604
604 605 603
605 604 606
582 605 580
605 606 580
607 608 609
607 609 577
610 608 607
608 610 611
610 612 611
612 610 613
614 612 613
612 614 615
616 615 617
615 614 617
618 617 619
617 618 616
619 620 618
620 619 621
621 622 620
620 622 623
624 623 625
623 622 625
625 626 624
626 625 627
576 626 627
626 576 628
629 628 578
628 576 578
630 578 575
578 630 629
609 575 577
575 609 630
631 632 633
634 633 632
635 636 637
636 635 638
639 640 641
640 639 642
643 644 645
644 643 646
647 447 648
647 648 649
223 1 447
223 447 647
650 651 652
650 652 653
650 654 651
654 650 655
656 654 655
654 656 657
656 658 657
658 656 659
659 660 658
660 659 661
662 663 664
663 662 665
663 665 666
663 666 667
667 666 668
667 668 669
668 670 669
670 668 671
653 652 670
653 670 671
672 673 674
673 672 675
676 677 678
677 676 679
680 677 679
681 677 680
682 680 683
680 682 681
684 685 682
684 682 683
684 686 685
686 684 687
688 687 689
687 688 686
690 691 688
690 688 689
692 691 690
691 692 693
694 695 693
694 693 692
678 694 676
694 678 695
696 697 698
698 697 699
675 672 700
675 700 701
702 703 674
674 673 702
702 704 703
704 702 705
706 707 697
706 697 696
708 706 709
706 708 707
708 709 710
708 710 711
712 713 714
712 714 715
713 712 716
713 716 717
717 716 718
717 718 719
720 721 722
721 720 723
720 724 723
724 720 725
714 725 715
725 714 724
726 727 728
729 727 726
730 731 732
730 732 733
733 732 734
733 734 735
735 734 736
735 736 737
738 739 740
738 740 741
740 742 741
742 740 743
730 743 731
743 730 742
744 745 746
745 744 747
748 749 750
748 750 751
751 750 752
751 752 753
753 752 754
753 754 755
756 757 758
756 758 759
760 758 761
758 760 759
761 748 760
748 761 749
762 763 764
765 763 762
766 767 768
766 768 769
769 768 770
769 770 771
771 770 772
771 772 773
774 775 776
774 776 777
778 774 779
774 778 775
779 766 778
766 779 767
780 781 782
781 783 782
784 785 786
785 784 787
787 784 788
787 788 789
790 791 789
790 789 788
792 793 794
792 794 795
792 796 793
796 792 797
797 785 796
785 797 786
798 799 800
799 798 801
802 803 804
803 802 805
806 807 805
806 805 802
808 809 807
808 807 806
810 811 812
810 812 813
812 814 813
814 812 815
815 803 814
803 815 804
816 817 818
819 817 816
820 821 822
820 822 823
824 825 823
824 823 822
825 824 826
825 826 827
828 829 830
828 830 831
830 832 831
832 830 833
833 820 832
820 833 821
834 835 836
836 835 837
838 839 840
838 840 841
842 843 839
842 839 838
843 842 844
843 844 845
846 847 848
847 846 849
846 850 849
850 846 851
851 840 850
840 851 841
852 853 854
853 852 855
727 729 856
727 856 857
854 858 852
858 854 859
860 835 834
835 860 861
817 819 862
817 862 863
800 864 798
798 864 865
780 866 781
866 780 867
868 763 869
763 765 869
870 744 746
744 870 871
614 621 619
614 619 617
622 614 613
614 622 621
622 610 625
610 622 613
627 610 607
610 627 625
576 607 577
607 576 627
103 532 446
450 452 463

