168.69 1.200001 134.08		360 225 0		1 1 1
168.04 1.2 133.45		360 225 0		1 1 1
167.34 1.2 134.17		360 225 0		1 1 1
168.06 1.200001 134.73		360 225 0		1 1 1
168.12 2.5 134.09		360 225 0		1 1 1
166.83 2.5 132.83		360 225 0		1 1 1
166.77 1.2 133.47		360 225 0		1 1 1
166.06 1.199999 132.91		360 225 0		1 1 1
166.76 1.199999 132.19		360 225 0		1 1 1
167.41 1.2 132.82		360 225 0		1 1 1
167.48 2.5 133.46		360 225 0		1 1 1
169.91 2.53 207.17		360 180 0		1 1 1
170.324 1.2 206.7		360 180 0		1 1 1
170.31 1.2 205.76		360 180 0		1 1 1
169.31 1.2 205.78		360 180 0		1 1 1
169.41 1.2 206.7		360 180 0		1 1 1
169.91 2.53 206.306		360 180 0		1 1 1
169.91 2.53 208.06		360 180 0		1 1 1
169.41 1.2 208.52		360 180 0		1 1 1
169.31 1.2 207.6		360 180 0		1 1 1
170.31 1.2 207.58		360 180 0		1 1 1
170.31 1.2 208.52		360 180 0		1 1 1
85.954 1.2 213.21		360 180 0		1 1 1
86.02 1.2 212.27		360 180 0		1 1 1
85.02 1.2 212.29		360 180 0		1 1 1
85.1 1.2 213.21		360 180 0		1 1 1
85.566 2.53 212.79		360 180 0		1 1 1
85.566 2.534 210.962		360 180 0		1 1 1
85.1 1.2 211.39		360 180 0		1 1 1
85.02 1.2 210.47		360 180 0		1 1 1
86.02 1.2 210.45		360 180 0		1 1 1
86.02 1.2 211.43		360 180 0		1 1 1
