126.06 1.4 120.11		360 180 0		1 1 1
134.39 1.3 210.48		360 180 0		1 1 1
170.15 1.4 133.19		360 315 0		1.000001 1 1
167.55 1.4 130.59		360 315 0		1.000001 1 1
88.34 1.4 198.22		360 315 0		1.000001 1 1
90.93 1.4 200.81		360 315 0		1 1 1
218.54 1.03 279.17		360 530.1802 0		1 1 1
87.22 1.35 85.07		360 215.5389 0		1 1 1
94.31 1 98.88		360 270 0		1 1 1
217.94 1.02 -0.58		360 530.1802 0		1 1 1
71.4 1.4 206.4		360 221.994 0		1 1 1
188.56 1.03 280.58		360 495.7877 0		1 1 1
154.09 1 90.4		360 270 0		1 1 1
211.33 1 128.8		360 185.2146 0		0.9999999 1 1
19.6 1 225.4		360 257.951 0		1 1 1
56.01 1.07 201.57		360 180 0		1 1 1
138.05 1.3 210.48		360 180 0		1 1 1
19.3 1 230.7		360 282.5197 0		1 1 1
96.75 1.35 79.89		360 210.5034 0		1 1 1
231.5 1 163.3		360 538.3733 0		1 1 1
199.35 1.03 280.62		360 538.3733 0		1 1 1
154.09 1 95.46		360 270 0		1 1 1
191.57 1 194.54		360 185.2146 0		0.9999999 1 1
212.84 1.03 280.47		360 185.5157 0		1 1 1
122.4 1.4 120.11		360 180 0		1 1 1
207.78 1.07 282.27		362.0683 295.1083 233.4669		1 1 1
153.3 1 100.45		360 255 0		1 1 1
177.56 1 232.76		360 282.5197 0		1 1 1
69.4 1 34.4		360 522.4242 0		1 1 1
172.32 1.3 204.16		360 240 0		1 1 1
170.49 1.3 207.33		360 240 0		1 1 1
59.67 1.07 201.57		360 180 0		1 1 1
194.12 1.03 281.1		360 185.2146 0		1 1 1
64.2 1 33.7		360 185.5982 0		1 1 1
52.33 1.1 153		360 180 0		1 1 1
216.63 1 128.3		360 538.3733 0		1 1 1
196.87 1 194.04		360 538.3733 0		1 1 1
58.6 1 34.5		360 192.0869 0		1 1 1
179.9 1 154.8		360 538.3733 0		1 1 1
91.58 1.35 81.94		360 202.0402 0		1 1 1
94.65 1 94.82		360 255 0		1 1 1
68.68 1.4 208.88		360 222.775 0		1 1 1
20.1 1 236		360 279.4899 0		1 1 1
177.78 1 237.52		360 270 0		1.000001 1.000001 1
