86.7 -0.4048111 192.34 0 1 0 1.6 1.2 1.5
27.07 -0.4048111 173.4 0 0 0 1.6 1.2 1.5
176.27 -0.4048111 33 0 0.7071068 0 1.600002 1.2 1.500002
105.9 -0.4048111 173.2 0 0 0 1.6 1.2 1.5
176.87 -0.4048111 124.63 0 0.7071068 0 1.600001 1.2 1.500001
12.68 -0.4048111 192.34 0 1 0 1.6 1.2 1.5
200.57 -0.4048111 192.34 0 1 0 1.6 1.2 1.5
148.48 -0.4048111 137.4 0 0.7071068 0 1.600005 1.2 1.500005
148.48 -0.4048111 209.7 0 0.7071068 0 1.600007 1.2 1.500007
220.9 -0.4048111 173.79 0 0 0 1.6 1.2 1.5
148.48 -0.4048111 33 0 0.7071068 0 1.600004 1.2 1.500004
175.38 -0.4048111 227.6 0 0.7071068 0 1.600002 1.2 1.500002
