134 1 113		360 360 0		1.000001 1 1
261 1 113		360 360 0		1.000001 1 1
22 1 113		360 360 0		1 1 1
15 1 87		360 180 0		1 1 1
123 1 87		360 180 0		1 1 1
251 1 87		360 180 0		1 1 1
251 1 218		360 180 0		1 1 1
123 1 218		360 180 0		1 1 1
14 1 218		360 180 0		1 1 1
21 1 243		360 360 0		1 1 1
261 1 243		360 360 0		1 1 1
137 1 243		360 360 0		1 1 1
180 1 29		360 270 0		1 1 1
180 1 165		360 270 0		1 1 1
180 1 277		360 270 0		1 1 1
227 1 276		360 450 0		1 1 1
227 1 154		360 450 0		1 1 1
227 1 47		360 450 0		1 1 1
