209.93 1.2 178.81		360 225 0		1 1 1
125.06 1.2 206.55		360 180 0		1 1 1
170 1.2 194		360 270 0		1 1 1
87.46 1.2 138.32		360 270 0		1 1 1
87.46 1.2 149.96		360 270 0		1 1 1
204.34 1.2 138.07		360 360 0		1 1 1
134.31 1.2 124.7		360 180 0		1 1 1
157.59 1.2 124.7		360 180 0		1 1 1
170 1.2 182.3		360 270 0		1 1 1
72.7 1.23 153.68		360 225 0		1 1 1
145.95 1.2 124.7		360 180 0		1 1 1
101.78 1.2 206.55		360 180 0		1 1 1
52.22 1.2 118.94		360 250 0		1 1 1
113.42 1.2 206.55		360 180 0		1 1 1
192.7 1.2 138.07		360 180 0		1 1 1
210 1.2 191.63		360 180 0		1 1 1
71.5 0.8 67.4		360 507 0		1 1 1
