81.5 -0.2 230.5		360 180 0		1 1 1
194 -0.2 248		360 270 0		1 1 1
64.6 -0.2 248		360 270 0		1 1 1
230.9 -0.2 100.5		360 180 0		1 1 1
64 -0.2 213		360 270 0		1 1 1
214 -0.2 213		360 270 0		1 1 1
176.5 -0.2 230.5		360 180 0		1 1 1
64 -0.2 83		360 270 0		1 1 1
81.5 -0.2 100.5		360 180 0		1 1 1
214 -0.2 83		360 270 0		1 1 1
176.5 -0.2 100.5		360 180 0		1 1 1
64 -0.2 118		360 270 0		1 1 1
194 -0.2 213		360 270 0		1 1 1
194 -0.2 118		360 270 0		1 1 1
47.1 -0.2 230.5		360 180 0		1 1 1
194 -0.2 83		360 270 0		1 1 1
231.5 -0.2 230.5		360 180 0		1 1 1
214 -0.2 248		360 270 0		1 1 1
46.5 -0.2 100.5		360 180 0		1 1 1
214 -0.2 118		360 270 0		1 1 1
