158.48 1.860001 166.16		360 180 0		1 1 1
133 1.949997 169.1		360 180 0		1 1 1
197.4 1.860001 166.16		360 180 0		1 1 1
100.55 1.979996 166.5		360 180 0		1 1 1
214.74 1.860001 147.56		360 180 0		1 1 1
155.46 1.899994 196.88		360 180 0		1 1 1
26.4 1.9 108.2		360 180 0		1 1 1
63.23 1.899998 40.8		360 180 0		1 1 1
141.4 1.899994 159		360 180 0		1 1 1
199.41 1.860001 166.16		360 180 0		1 1 1
156.62 1.949997 166.24		360 180 0		1 1 1
131.3 1.800003 230.42		360 180 0		1 1 1
119.31 1.949997 172.78		360 180 0		1 1 1
26.4 1.9 106.2		360 180 0		1 1 1
102.32 1.800003 166.28		360 180 0		1 1 1
132.71 1.949997 170.71		360 180 0		1 1 1
83.88 1.800003 178.32		360 180 0		1 1 1
138.38 1.860001 96.06		360 180 0		1 1 1
105.24 1.899994 135.34		360 180 0		1 1 1
133.19 1.800003 228.78		360 180 0		1 1 1
131.22 1.949997 169.64		360 180 0		1 1 1
216.75 1.860001 147.56		360 180 0		1 1 1
