93.89 1.199997 108.51		360 180 0		1 1 1
62.94 1.160007 149.61		360 180 0		1 1 1
162.34 1.199997 118.21		360 180 0		1 1 1
102.41 1.199997 235.86		360 180 0		1 1 1
94.85 1.199997 108.03		360 180 0		1 1 1
103 1.160004 234.38		360 180 0		1 1 1
58.78 1.160004 153.94		360 180 0		1 1 1
57.71 1.160004 154.82		360 180 0		1 1 1
61.95 1.199997 149.65		360 180 0		1 1 1
163.01 1.199997 116.32		360 180 0		1 1 1
93.92 1.199997 107.62		360 180 0		1 1 1
56.79 1.199997 153.98		360 180 0		1 1 1
162.61 1.199997 117.12		360 180 0		1 1 1
