240.97 0.95 293.5		90 180 0		12 0.5 12
252.97 0.95 281.5		90 180 0		12 0.5 12
264.97 0.95 281.5		90 180 0		12 0.5 12
252.97 0.95 293.5		90 180 0		12 0.5 12
276.97 0.95 293.5		90 180 0		12 0.5 12
264.97 0.95 293.5		90 180 0		12 0.5 12
276.97 0.95 281.5		90 180 0		12 0.5 12
276.97 0.95 269.5		90 180 0		12 0.5 12
240.97 0.95 281.5		90 180 0		12 0.5 12
264.97 0.95 269.5		90 180 0		12 0.5 12
252.97 0.95 269.5		90 180 0		12 0.5 12
240.97 0.95 269.5		90 180 0		12 0.5 12
276.97 0.95 257.5		90 180 0		12 0.5 12
264.97 0.95 257.5		90 180 0		12 0.5 12
252.97 0.95 257.5		90 180 0		12 0.5 12
240.97 0.95 257.5		90 180 0		12 0.5 12
