125.57 -0.35 137.1702 0.5 0.5 0.5 1.000003 1.000002 1.000002
149.52 -0.35 161.1702 0 0.7071068 0.7071068 1.05 1.000001 1.000001
131.55 -0.35 161.1702 0 0.7071068 0.7071068 1.000004 1.000003 1.000003
137.52 -0.35 161.1702 0 0.7071068 0.7071068 1.000003 1.000002 1.000002
125.57 -0.35 113.1702 0.5 0.5 0.5 1.000003 1.000002 1.000002
137.58 -0.35 101.1702 0 0.7071068 0.7071068 1.000003 1.000002 1.000002
125.57 -0.35 149.1702 0.5 0.5 0.5 1.000003 1.000002 1.000002
125.57 -0.35 161.1702 -0.5 0.5 0.5 1 1.000001 1.000001
149.58 -0.35 101.1702 0 0.7071068 0.7071068 1.01 1 1.1
143.58 -0.35 101.1702 0 0.7071068 0.7071068 1.000001 1.000001 1.000001
125.57 -0.35 125.1702 0.5 0.5 0.5 1.000003 1.000002 1.000002
143.52 -0.35 161.1702 0 0.7071068 0.7071068 1.000002 1.000001 1.000001
131.58 -0.35 101.1702 0 0.7071068 0.7071068 1.000002 1.000001 1.000001
125.58 -0.35 101.1702 0.7071068 -1.152023E-07 -1.152023E-07 1 1 1
