127.31 1.11 170.07		360 180 0		1 1 1
127.21 3.66 170.11		360 180 0		1 1 1
128.87 1.2 168.18		360 180 0		1 1 1
128.91 3.75 166.16		360 180 0		1 1 1
131.17 1.11 170.15		360 180 0		1 1 1
130.94 3.75 166.2		360 180 0		1 1 1
130.87 1.2 166.25		360 180 0		1 1 1
131.04 3.75 168.21		360 180 0		1 1 1
129.71 6.3 169.1		360 180 0		1 1 1
126.97 1.2 168.14		360 180 0		1 1 1
127.97 6.4 166.91		360 180 0		1 1 1
129.22 3.66 170.15		360 180 0		1 1 1
126.91 3.75 166.12		360 180 0		1 1 1
126.87 3.75 168.13		360 180 0		1 1 1
128.9 1.2 166.21		360 180 0		1 1 1
130.83 1.2 168.22		360 180 0		1 1 1
129.21 1.11 170.11		360 180 0		1 1 1
127.76 6.4 168.89		360 180 0		1 1 1
128.88 3.75 168.17		360 180 0		1 1 1
131.25 3.66 170.19		360 180 0		1 1 1
129.94 6.39 167.14		360 180 0		1 1 1
127.01 1.2 166.17		360 180 0		1 1 1
