259 0 230.5		360 180 0		1 1 1
19.6 0 230.5		360 180 0		1 1 1
109 0 100.5		360 180 0		1 1 1
-20.4 0 230.5		360 180 0		1 1 1
64 0 55.5		360 270 0		1 1 1
299 0 230.5		360 180 0		1 1 1
64.6 0 315.5		360 270 0		1 1 1
258.4 0 100.5		360 180 0		1 1 1
149.6 0 230.5		360 180 0		1 1 1
64 0 185.5		360 270 0		1 1 1
64.6 0 275.5		360 270 0		1 1 1
64 0 145.5		360 270 0		1 1 1
298.4 0 100.5		360 180 0		1 1 1
-21 0 100.5		360 180 0		1 1 1
64 0 -24.5		360 270 0		1 1 1
149 0 100.5		360 180 0		1 1 1
109.6 0 230.5		360 180 0		1 1 1
64 0 15.5		360 270 0		1 1 1
19 0 100.5		360 180 0		1 1 1
