178.9 -0.43 36.2 0 0 0 13 0.1 73
217.1 -0.43 191.6 0 0.7071068 0 7.500034 0.1 65.00008
107.5 -0.43 171.6 0 0.7071068 0 12.50002 0.1 90.00008
69.3 -0.43 130.4 0 0 0 13 0.1 95
217.1 -0.43 86.3 0 0.7071068 0 7.50004 0.1 65.00012
107.5 -0.43 88.8 0 0.7071068 0 12.50001 0.1 90.00003
179.2 -0.43 218.42 0 0 0 13 0.1 62
107.8 -0.43 66.4 0 0.7071068 0 12.50002 0.1 90.00003
67.58 -0.43 218.8 0 0 0 9.5 0.1 62
146 -0.43 131.2 0 0 0 13 0.1 48
146 -0.43 36.2 0 0 0 13 0.1 73
49.5 -0.43 218.8 0 0 0 6.5 0.1 62
217.1 -0.43 171.6 0 0.7071068 0 12.50003 0.1 65.00003
21.4 -0.43 173.8 0 0.7071068 0 8 0.1 43.00002
178.9 -0.43 130.2 0 0 0 13 0.1 96
66.3 -0.43 36.2 0 0 0 7 0.1 73
21.6 -0.43 66.4 0 0.7071068 0 12.50001 0.1 44.00004
47.9 -0.43 130.6 0 0 0 10 0.1 96
47.9 -0.43 36.2 0 0 0 10 0.1 73
21.6 -0.43 88.8 0 0.7071068 0 12.50002 0.1 44.00002
23.1 -0.43 193.49 0 0.7071068 0 11.00001 0.1 47.00003
146 -0.43 218.42 0 0 0 13 0.1 62
217.1 -0.43 66.4 0 0.7071068 0 12.50004 0.1 65.00008
105.9 -0.43 192.85 0 0.7071068 0 10 0.1 68.00012
