80.1 1.04 301		90 180 0		11 0.4 11
178.5 1 301		90 180 0		11 0.4 11
49.1 0.99 301		90 180 0		11 0.4 11
239.9 1 116		90 180 0		11 0.4 11
178.5 1 171		90 180 0		11 0.4 11
79.4 1 193		90 180 0		11 0.4 11
228.9 1.05 182		90 180 0		11 0.4 11
228.9 1 215		90 180 0		11 0.5 11
79.5 1.04 74		90 180 0		11 0.4 11
178.5 1 138		90 180 0		11 0.4 11
49.1 0.99 246		90 180 0		11 0.4 11
90.4 1 215		90 180 0		11 0.4 11
4.5 0.99 116		90 180 0		11 0.5 11
261.9 1.05 215		90 180 0		11 0.4 11
80.1 1.04 257		90 180 0		11 0.4 11
240.47 1.05 246		90 180 0		11 0.4 11
48.5 1 215		90 180 0		11 0.4 11
229.5 1 -3		90 180 0		11 0.4 11
134.5 1 246		90 180 0		11 0.5 11
134.4 1 215		90 180 0		11 0.4 11
262.47 1.05 246		90 180 0		11 0.4 11
178.5 1 149		90 180 0		11 0.4 11
49.1 0.99 268		90 180 0		11 0.4 11
273.47 1.05 246		90 180 0		11 0.4 11
37.5 1 85		90 180 0		11 0.4 11
48.5 1 30		90 180 0		11 0.4 11
123.4 1 215		90 180 0		11 0.4 11
239.9 1.05 215		90 180 0		11 0.4 11
101.5 1.04 85		90 180 0		11 0.4 11
250.9 1.05 215		90 180 0		11 0.4 11
48.5 1 -3		90 180 0		11 0.4 11
251.47 1.05 246		90 180 0		11 0.4 11
156.5 1 116		90 180 0		11 0.4 11
79.4 1 215		90 180 0		11 0.4 11
123.5 1.04 85		90 180 0		11 0.4 11
80.1 1.04 290		90 180 0		11 0.4 11
178.5 1.04 74		90 180 0		11 0.4 11
112.5 1.04 85		90 180 0		11 0.4 11
229.47 1.05 268		90 180 0		11 0.4 11
272.9 1 116		90 180 0		11 0.4 11
90.5 1 116		90 180 0		11 0.4 11
15.5 0.99 116		90 180 0		11 0.4 11
167.5 1 116		90 180 0		11 0.4 11
101.5 1 116		90 180 0		11 0.4 11
48.5 1 41		90 180 0		11 0.4 11
26.5 1 215		90 180 0		11 0.4 11
178.2 1.04 85		90 180 0		11.6 0.4 11
5.1 1 85		90 180 0		11 0.5 11
48.5 0.99 116		90 180 0		11 0.4 11
79.5 1 116		90 180 0		11 0.5 11
229.5 1 30		90 180 0		11 0.4 11
229.5 1 52		90 180 0		11 0.4 11
166.9 1.04 85		90 180 0		11 0.4 11
272.9 1 85		90 180 0		11 0.4 11
123.5 1 246		90 180 0		11 0.4 11
80.1 0.99 246		90 180 0		11 0.5 11
38.1 0.99 246		90 180 0		11 0.4 11
48.5 1 74		90 180 0		11 0.4 11
15.5 1 85		90 180 0		11 0.4 11
178.5 1.04 8		90 180 0		11 0.4 11
79.5 1 63		90 180 0		11 0.4 11
79.4 1 138		90 180 0		11 0.4 11
79.4 1 149		90 180 0		11 0.4 11
229.5 1 74		90 180 0		11 0.4 11
101.4 1 215		90 180 0		11 0.4 11
48.5 1 19		90 180 0		11 0.4 11
178.5 1 -3		90 180 0		11 0.4 11
134.5 1 116		90 180 0		11 0.5 11
178.5 1 290		90 180 0		11 0.4 11
228.9 1.05 160		90 180 0		11 0.4 11
48.5 1 160		90 180 0		11 0.4 11
48.5 1 182		90 180 0		11 0.4 11
79.5 1 52		90 180 0		11 0.4 11
79.5 1 -3		90 180 0		11 0.5 11
144.9 1.04 85		90 180 0		11 0.4 11
261.9 1 116		90 180 0		11 0.4 11
48.5 1 149		90 180 0		11 0.4 11
228.9 1.05 149		90 180 0		11 0.4 11
4.5 0.95 215		90 180 0		11 0.5 11
26.5 0.99 116		90 180 0		11 0.4 11
229.47 1.05 279		90 180 0		11 0.4 11
229.47 1.05 290		90 180 0		11 0.4 11
79.4 1 160		90 180 0		11 0.4 11
145.4 1 215		90 180 0		11 0.4 11
48.5 1 8		90 180 0		11 0.4 11
229.5 1 8		90 180 0		11 0.4 11
178.5 1.04 30		90 180 0		11 0.4 11
90.5 1 246		90 180 0		11 0.4 11
178.5 1 268		90 180 0		11 0.4 11
48.5 1 52		90 180 0		11 0.4 11
261.9 1 85		90 180 0		11 0.4 11
48.5 1 85		90 180 0		11 0.4 11
79.5 1 8		90 180 0		11 0.5 11
48.5 1 171		90 180 0		11 0.4 11
27.1 0.99 246		90 180 0		11 0.4 11
48.5 1 63		90 180 0		11 0.4 11
178.5 1 246		90 180 0		11 0.4 11
90.5 1.04 85		90 180 0		11 0.4 11
228.9 1.05 127		90 180 0		11 0.4 11
112.4 1 215		90 180 0		11 0.4 11
178.5 1.04 63		90 180 0		11 0.4 11
123.5 1 116		90 180 0		11 0.4 11
178.5 1 279		90 180 0		11 0.4 11
48.5 1 193		90 180 0		11 0.4 11
178.5 1.04 19		90 180 0		11 0.4 11
178.5 1 160		90 180 0		11 0.4 11
79.4 1 204		90 180 0		11 0.4 11
49.1 0.99 290		90 180 0		11 0.4 11
228.9 1.05 171		90 180 0		11 0.4 11
80.1 1.04 268		90 180 0		11 0.4 11
229.47 1 246		90 180 0		11 0.5 11
156.4 1 215		90 180 0		11 0.4 11
178.5 1 116		90 180 0		11 0.4 11
229.47 1.05 257		90 180 0		11 0.4 11
26.5 1 85		90 180 0		11 0.4 11
229.47 1.05 301		90 180 0		11 0.4 11
48.5 1 127		90 180 0		11 0.4 11
145.5 1 116		90 180 0		11 0.4 11
112.5 1 246		90 180 0		11 0.4 11
79.5 0.99 85		90 180 0		11 0.5 11
178.5 1 257		90 180 0		11 0.4 11
112.5 1 116		90 180 0		11 0.4 11
272.9 1.05 215		90 180 0		11 0.4 11
178.5 1.04 52		90 180 0		11 0.4 11
178.5 1 204		90 180 0		11 0.4 11
229.5 1 63		90 180 0		11 0.4 11
178.45 1 215		90 180 0		11.1 0.4 11
79.4 1 182		90 180 0		11 0.4 11
155.9 1.04 85		90 180 0		11 0.4 11
167.4 1 215		90 180 0		11 0.4 11
79.4 1 41		90 180 0		11 0.4 11
37.5 1 215		90 180 0		11 0.4 11
228.9 1.05 138		90 180 0		11 0.4 11
5.1 0.99 246		90 180 0		11 0.5 11
156.5 1 246		90 180 0		11 0.4 11
80.1 1.04 279		90 180 0		11 0.4 11
229.5 1 41		90 180 0		11 0.4 11
79.4 1 127		90 180 0		11 0.4 11
178.5 1 193		90 180 0		11 0.4 11
229.5 1 85		90 180 0		11 0.5 11
228.9 1 116		90 180 0		11 0.5 11
49.1 0.99 257		90 180 0		11 0.4 11
79.5 1 30		90 180 0		11 0.5 11
101.5 1 246		90 180 0		11 0.4 11
228.9 1.05 193		90 180 0		11 0.4 11
250.9 1 116		90 180 0		11 0.4 11
178.5 1 182		90 180 0		11 0.4 11
48.5 1 204		90 180 0		11 0.4 11
178.5 1 127		90 180 0		11 0.4 11
15.5 1 215		90 180 0		11 0.4 11
16.1 0.99 246		90 180 0		11 0.4 11
79.4 1 171		90 180 0		11 0.4 11
167.5 1 246		90 180 0		11 0.4 11
178.5 1.04 41		90 180 0		11 0.4 11
250.9 1 85		90 180 0		11 0.4 11
37.5 0.99 116		90 180 0		11 0.4 11
48.5 1 138		90 180 0		11 0.4 11
79.5 1 19		90 180 0		11 0.4 11
145.5 1 246		90 180 0		11 0.4 11
239.9 1 85		90 180 0		11 0.4 11
229.5 1 19		90 180 0		11 0.4 11
133.9 1.04 85		90 180 0		11 0.5 11
228.9 1.05 204		90 180 0		11 0.4 11
49.1 0.99 279		90 180 0		11 0.4 11
