16.1 1 301		90 180 0		11 0.4 11
5.1 1 301		90 180 0		11 0.4 11
261.9 1 204		90 180 0		11 0.4 11
261.9 1 127		90 180 0		11 0.4 11
261.9 1 138		90 180 0		11 0.4 11
261.9 1 160		90 180 0		11 0.4 11
261.9 1 193		90 180 0		11 0.4 11
261.9 1 182		90 180 0		11 0.4 11
250.9 1 204		90 180 0		11 0.4 11
239.9 1 204		90 180 0		11 0.4 11
239.9 1 182		90 180 0		11 0.4 11
250.9 1 193		90 180 0		11 0.4 11
250.9 1 182		90 180 0		11 0.4 11
239.9 1 193		90 180 0		11 0.4 11
167.5 1 182		90 180 0		11 0.4 11
123.5 1 160		90 180 0		11 0.4 11
272.9 1 30		90 180 0		11 0.4 11
145.5 1 182		90 180 0		11 0.4 11
156.5 1 171		90 180 0		11 0.4 11
26.54 1 15.84		90 180 0		11 0.4 11
112.5 1 138		90 180 0		11 0.4 11
91.1 1 271.1		90 180 0		11 0.4 11
37.5 1 160		90 180 0		11 0.4 11
134.5 1 74		90 180 0		11 0.4 11
102.02 1 257		90 180 0		11 0.4 11
134.5 1 127		90 180 0		11 0.4 11
239.9 0.99 41		90 180 0		11 0.4 11
123.69 1 5		90 180 0		11 0.4 11
90.4 1 19		90 180 0		11 0.4 11
273.5 1 8		90 180 0		11 0.4 11
145.5 1 256.75		90 180 0		11 0.4 11
272.9 1 193		90 180 0		11 0.4 11
134.5 1 138		90 180 0		11 0.4 11
38.13 1 293.04		90 180 0		11 0.4 11
272.9 1 138		90 180 0		11 0.4 11
37.5 1 171		90 180 0		11 0.4 11
156.5 1 204		90 180 0		11 0.4 11
262.5 1 8		90 180 0		11 0.4 11
145.5 1 267.75		90 180 0		11 0.4 11
101.5 1 149		90 180 0		11 0.4 11
102.1 1 282.1		90 180 0		11 0.4 11
113.1 1 293.1		90 180 0		11 0.4 11
123.5 1 256.75		90 180 0		11 0.4 11
113.1 1 260.1		90 180 0		11 0.4 11
5.1 1 290		90 180 0		11 0.4 11
15.65 1 34.77		90 180 0		11 0.4 11
112.5 1 52		90 180 0		11 0.4 11
15.5 1 171		90 180 0		11 0.4 11
4.62 1 63		90 180 0		11 0.4 11
26.54 1 34.77		90 180 0		11 0.4 11
134.5 1 256.75		90 180 0		11 0.4 11
4.5 1 160		90 180 0		11 0.4 11
101.4 1 8		90 180 0		11 0.4 11
101.4 1 41		90 180 0		11 0.4 11
239.9 1 171		90 180 0		11 0.4 11
145.5 1 160		90 180 0		11 0.4 11
156.5 1 41		90 180 0		11 0.4 11
167.5 1 138		90 180 0		11 0.4 11
123.5 1 63		90 180 0		11 0.4 11
4.6 1 52		90 180 0		11 0.4 11
15.61 1 74		90 180 0		11 0.4 11
112.5 1 149		90 180 0		11 0.4 11
38.13 1 282.04		90 180 0		11 0.4 11
101.5 1 160		90 180 0		11 0.4 11
156.5 1 193		90 180 0		11 0.4 11
27.1 1 257		90 180 0		11 0.4 11
167.5 1 160		90 180 0		11 0.4 11
112.7 1 5		90 180 0		11 0.4 11
37.5 1 204		90 180 0		11 0.4 11
101.4 1 30		90 180 0		11 0.4 11
250.9 1 41		90 180 0		11 0.4 11
156.5 1 63		90 180 0		11 0.4 11
272.9 1 19		90 180 0		11 0.4 11
90.5 1 171		90 180 0		11 0.4 11
261.9 1 74		90 180 0		11 0.4 11
113.02 1 257		90 180 0		11 0.4 11
262.47 1 293.14		90 180 0		11 0.4 11
134.5 1 171		90 180 0		11 0.4 11
145.5 1 204		90 180 0		11 0.4 11
145.5 1 138		90 180 0		11 0.4 11
27.13 1 293.04		90 180 0		11 0.4 11
4.6 1 8		90 180 0		11 0.4 11
90.5 1 160		90 180 0		11 0.4 11
123.4 1 30		90 180 0		11 0.4 11
134.5 1 8		90 180 0		11 0.4 11
102.1 1 293.1		90 180 0		11 0.4 11
156.5 1 52		90 180 0		11 0.4 11
240.5 1 19		90 180 0		11 0.4 11
91.1 1 282.1		90 180 0		11 0.4 11
90.4 1 -3		90 180 0		11 0.4 11
134.5 1 41		90 180 0		11 0.4 11
4.5 1 204		90 180 0		11 0.4 11
145.5 1 193		90 180 0		11 0.4 11
240.5 1 -3		90 180 0		11 0.4 11
16.1 1 268		90 180 0		11 0.4 11
15.5 1 193		90 180 0		11 0.4 11
37.5 1 74		90 180 0		11 0.4 11
167.5 1 63		90 180 0		11 0.4 11
239.9 1 138		90 180 0		11 0.4 11
27.1 1 268		90 180 0		11 0.4 11
90.5 1 193		90 180 0		11 0.4 11
4.6 1 -3		90 180 0		11 0.4 11
134.5 1 52		90 180 0		11 0.4 11
101.4 1 19		90 180 0		11 0.4 11
123.4 1 41		90 180 0		11 0.4 11
273.5 1 279		90 180 0		11 0.4 11
134.5 1 30		90 180 0		11 0.4 11
134.5 1 149		90 180 0		11 0.4 11
123.5 1 182		90 180 0		11 0.4 11
112.4 1 30		90 180 0		11 0.4 11
15.65 1 45.77		90 180 0		11 0.4 11
90.7 1.1 5		90 180 0		11 0.4 11
272.9 1 160		90 180 0		11 0.4 11
156.5 1 138		90 180 0		11 0.4 11
4.5 1 138		90 180 0		11 0.4 11
123.5 1 193		90 180 0		11 0.4 11
262.5 1 -3		90 180 0		11 0.4 11
38.13 1 271.04		90 180 0		11 0.4 11
102.1 1 271.1		90 180 0		11 0.4 11
156.5 1 149		90 180 0		11 0.4 11
5.1 1 279		90 180 0		11 0.4 11
251.5 1 8		90 180 0		11 0.4 11
250.9 1 160		90 180 0		11 0.4 11
123.5 1 52		90 180 0		11 0.4 11
90.5 1 74		90 180 0		11 0.4 11
15.5 1 204		90 180 0		11 0.4 11
134.5 1 -3		90 180 0		11 0.4 11
90.5 1 149		90 180 0		11 0.4 11
112.5 1 171		90 180 0		11 0.4 11
37.5 1 41		90 180 0		11 0.4 11
272.9 1 41		90 180 0		11 0.4 11
145.5 1 30		90 180 0		11 0.4 11
4.5 1 149		90 180 0		11 0.4 11
156.5 1 182		90 180 0		11 0.4 11
90.5 1 127		90 180 0		11 0.4 11
156.5 1 4.9		90 180 0		11 0.4 11
26.5 1 74		90 180 0		11 0.4 11
145.5 1 4.9		90 180 0		11 0.4 11
272.9 1 204		90 180 0		11 0.4 11
37.5 1 149		90 180 0		11 0.4 11
167.5 1 8		90 180 0		11 0.4 11
4.5 1 193		90 180 0		11 0.4 11
90.5 1 63		90 180 0		11 0.4 11
134.5 1 204		90 180 0		11 0.4 11
240.5 1 8		90 180 0		11 0.4 11
239.9 0.99 52		90 180 0		11 0.4 11
26.5 1 171		90 180 0		11 0.4 11
90.4 1 41		90 180 0		11 0.4 11
156.5 1 127		90 180 0		11 0.4 11
167.5 1 193		90 180 0		11 0.4 11
167.5 1.1 282.1		90 180 0		11 0.4 11
26.54 1 45.77		90 180 0		11 0.4 11
91.02 1 257		90 180 0		11 0.4 11
261.9 1 171		90 180 0		11 0.4 11
167.5 1 149		90 180 0		11 0.4 11
239.9 0.99 74		90 180 0		11 0.4 11
123.5 1 171		90 180 0		11 0.4 11
16.1 1 290		90 180 0		11 0.4 11
240.5 1 30		90 180 0		11 0.4 11
134.5 1 63		90 180 0		11 0.4 11
134.5 1 19		90 180 0		11 0.4 11
272.9 1 52		90 180 0		11 0.4 11
101.5 1 193		90 180 0		11 0.4 11
27.1 1 279		90 180 0		11 0.4 11
124.1 1 260.1		90 180 0		11 0.4 11
250.9 1 149		90 180 0		11 0.4 11
4.6 1 41		90 180 0		11 0.4 11
26.54 1 4.84		90 180 0		11 0.4 11
37.5 1 19		90 180 0		11 0.4 11
26.5 1 127		90 180 0		11 0.4 11
37.5 1 -3		90 180 0		11 0.4 11
4.5 1 127		90 180 0		11 0.4 11
272.9 1 257		90 180 0		11 0.4 11
90.5 1 52		90 180 0		11 0.4 11
112.5 1 74		90 180 0		11 0.4 11
272.9 1 171		90 180 0		11 0.4 11
101.5 1 74		90 180 0		11 0.4 11
112.5 1 193		90 180 0		11 0.4 11
124.1 1 271.1		90 180 0		11 0.4 11
134.5 1 182		90 180 0		11 0.4 11
167.5 1 260.1		90 180 0		11 0.4 11
239.9 0.99 63		90 180 0		11 0.4 11
91.1 1 293.1		90 180 0		11 0.4 11
145.5 1 149		90 180 0		11 0.4 11
101.5 1 127		90 180 0		11 0.4 11
272.9 1 268		90 180 0		11 0.4 11
102.1 1 260.1		90 180 0		11 0.4 11
167.5 1 256.75		90 180 0		11 0.4 11
112.5 1 160		90 180 0		11 0.4 11
156.5 1 160		90 180 0		11 0.4 11
145.5 1 63		90 180 0		11 0.4 11
37.5 1 138		90 180 0		11 0.4 11
251.5 1 30		90 180 0		11 0.4 11
37.5 1 63		90 180 0		11 0.4 11
112.4 1 41		90 180 0		11 0.4 11
112.5 1 204		90 180 0		11 0.4 11
250.9 1 127		90 180 0		11 0.4 11
4.6 1 19		90 180 0		11 0.4 11
15.5 1 182		90 180 0		11 0.4 11
37.5 1 30		90 180 0		11 0.4 11
146.1 1 293.1		90 180 0		11 0.4 11
112.5 1 182		90 180 0		11 0.4 11
4.6 1 30		90 180 0		11 0.4 11
4.5 1 182		90 180 0		11 0.4 11
167.5 1 204		90 180 0		11 0.4 11
167.5 1 19		90 180 0		11 0.4 11
239.9 1 127		90 180 0		11 0.4 11
113.1 1 282.1		90 180 0		11 0.4 11
251.5 1 -3		90 180 0		11 0.4 11
167.5 1 271.1		90 180 0		11 0.4 11
156.5 1 30		90 180 0		11 0.4 11
37.5 1 8		90 180 0		11 0.4 11
37.5 1 52		90 180 0		11 0.4 11
101.7 1.1 5		90 180 0		11 0.4 11
101.5 1 171		90 180 0		11 0.4 11
90.4 1 8		90 180 0		11 0.4 11
26.5 1 160		90 180 0		11 0.4 11
261.9 1 63		90 180 0		11 0.4 11
250.9 1 63		90 180 0		11 0.4 11
38.13 1 260.04		90 180 0		11 0.4 11
272.9 1 182		90 180 0		11 0.4 11
167.5 1 -3		90 180 0		11 0.4 11
112.5 1 127		90 180 0		11 0.4 11
145.5 1 171		90 180 0		11 0.4 11
123.5 1 138		90 180 0		11 0.4 11
167.5 1.1 293.1		90 180 0		11 0.4 11
250.9 1 74		90 180 0		11 0.4 11
124.1 1 282.1		90 180 0		11 0.4 11
37.5 1 193		90 180 0		11 0.4 11
134.5 1 267.75		90 180 0		11 0.4 11
123.5 1 149		90 180 0		11 0.4 11
156.5 1 74		90 180 0		11 0.4 11
101.5 1 182		90 180 0		11 0.4 11
167.5 1 171		90 180 0		11 0.4 11
101.5 1 63		90 180 0		11 0.4 11
16.1 1 257		90 180 0		11 0.4 11
101.5 1 204		90 180 0		11 0.4 11
5.1 1 257		90 180 0		11 0.4 11
157.1 1 293.1		90 180 0		11 0.4 11
91.1 1 260.1		90 180 0		11 0.4 11
15.65 1 4.84		90 180 0		11 0.4 11
90.4 1 30		90 180 0		11 0.4 11
101.5 1 52		90 180 0		11 0.4 11
113.1 1 271.1		90 180 0		11 0.4 11
167.5 1 52		90 180 0		11 0.4 11
101.5 1 138		90 180 0		11 0.4 11
273.5 1 -3		90 180 0		11 0.4 11
38.1 1.1 257		90 180 0		11 0.4 11
27.1 1 290		90 180 0		11 0.4 11
26.5 1 204		90 180 0		11 0.4 11
123.5 1 204		90 180 0		11 0.4 11
156.5 1 256.75		90 180 0		11 0.4 11
90.5 1 204		90 180 0		11 0.4 11
272.9 1 127		90 180 0		11 0.4 11
15.5 1 160		90 180 0		11 0.4 11
124.1 1 293.1		90 180 0		11 0.4 11
90.5 1 138		90 180 0		11 0.4 11
250.9 1 171		90 180 0		11 0.4 11
90.5 1 182		90 180 0		11 0.4 11
239.9 1 149		90 180 0		11 0.4 11
145.5 1 74		90 180 0		11 0.4 11
135.1 1 293.1		90 180 0		11 0.4 11
15.5 1 127		90 180 0		11 0.4 11
16.1 1 279		90 180 0		11 0.4 11
273.5 1 301		90 180 0		11 0.4 11
112.5 1 63		90 180 0		11 0.4 11
250.9 1 52		90 180 0		11 0.4 11
273.5 1 290		90 180 0		11 0.4 11
261.9 1 149		90 180 0		11 0.4 11
37.5 1 127		90 180 0		11 0.4 11
4.5 1 171		90 180 0		11 0.4 11
167.5 1 30		90 180 0		11 0.4 11
145.5 1 41		90 180 0		11 0.4 11
134.5 1 193		90 180 0		11 0.4 11
272.9 1 74		90 180 0		11 0.4 11
123.5 1 74		90 180 0		11 0.4 11
239.9 1 160		90 180 0		11 0.4 11
5.1 1 268		90 180 0		11 0.4 11
37.5 1 182		90 180 0		11 0.4 11
123.5 1 127		90 180 0		11 0.4 11
272.9 1 63		90 180 0		11 0.4 11
4.62 1 74		90 180 0		11 0.4 11
167.5 1 74		90 180 0		11 0.4 11
167.5 1 41		90 180 0		11 0.4 11
272.9 1 149		90 180 0		11 0.4 11
250.9 1 138		90 180 0		11 0.4 11
134.5 1 160		90 180 0		11 0.4 11
145.5 1 52		90 180 0		11 0.4 11
167.5 1 127		90 180 0		11 0.4 11
145.5 1 127		90 180 0		11 0.4 11
