0.1 3.45 255.5		90 270 0		10.00003 5 1
184.5 3.45 0		90 180 0		10 5 1
279 3.45 35.5		90 270 0		10.00002 5 1
0.1 3.45 195.5		90 270 0		10.00003 5 1
4.6 3.45 0		90 180 0		10 5 1
74.57 3.45 0		90 180 0		10 5 1
279 3.45 245.5		90 270 0		10.00005 5 1
204.5 3.45 0		90 180 0		10 5 1
264.5 3.45 0		90 180 0		10 5 1
274.4 3.45 299		90 180 0		10 5 1
254.5 3.45 0		90 180 0		10 5 1
0.1 3.45 165.5		90 270 0		10.00001 5 1
279 3.45 185.5		90 270 0		10.00003 5 1
194.4 3.45 299		90 180 0		10 5 1
114.47 3.45 299		90 180 0		10 5 1
279 3.45 105.5		90 270 0		10.00002 5 1
0.1 3.45 65.5		90 270 0		10.00001 5 1
224.5 3.45 0		90 180 0		10 5 1
0.1 3.45 55.5		90 270 0		10.00001 5 1
279 3.45 255.5		90 270 0		10.00004 5 1
234.5 3.45 0		90 180 0		10 5 1
54.5 3.45 299		90 180 0		10 5 1
279 3.45 205.5		90 270 0		10.00003 5 1
84.57 3.45 0		90 180 0		10 5 1
214.4 3.45 299		90 180 0		10 5 1
0.1 3.45 295.5		90 270 0		10.00006 5 1
0.1 3.45 235.5		90 270 0		10.00004 5 1
134.5 3.45 299		90 180 0		10 5 1
34.6 3.45 0		90 180 0		10 5 1
0.1 3.45 275.5		90 270 0		10.00004 5 1
0.1 3.45 95.5		90 270 0		10.00001 5 1
0.1 3.45 15.5		90 270 0		10 5 1
0.1 3.45 125.5		90 270 0		10.00001 5 1
279 3.45 225.5		90 270 0		10.00004 5 1
4.5 3.45 299		90 180 0		10 5 1
0.1 3.45 105.5		90 270 0		10.00001 5 1
279 3.45 235.5		90 270 0		10.00005 5 1
279 3.45 5.5		90 270 0		10 5 1
0.1 3.45 205.5		90 270 0		10.00002 5 1
279 3.45 285.5		90 270 0		10.00006 5 1
234.4 3.45 299		90 180 0		10 5 1
279 3.45 15.5		90 270 0		10.00001 5 1
24.6 3.45 0		90 180 0		10 5 1
279 3.45 115.5		90 270 0		10.00003 5 1
174.6 3.45 0		90 180 0		10 5 1
124.6 3.45 0		90 180 0		10 5 1
0.1 3.45 115.5		90 270 0		10.00002 5 1
0.1 3.45 215.5		90 270 0		10.00003 5 1
0.1 3.45 185.5		90 270 0		10.00002 5 1
0.1 3.45 145.5		90 270 0		10.00002 5 1
44.5 3.45 299		90 180 0		10 5 1
154.5 3.45 299		90 180 0		10 5 1
184.4 3.45 299		90 180 0		10 5 1
204.4 3.45 299		90 180 0		10 5 1
224.4 3.45 299		90 180 0		10 5 1
279 3.45 75.5		90 270 0		10.00003 5 1
279 3.45 25.5		90 270 0		10.00001 5 1
14.6 3.45 0		90 180 0		10 5 1
154.6 3.45 0		90 180 0		10 5 1
194.5 3.45 0		90 180 0		10 5 1
279 3.45 55.5		90 270 0		10.00002 5 1
279 3.45 175.5		90 270 0		10.00003 5 1
0.1 3.45 245.5		90 270 0		10.00004 5 1
279 3.45 45.5		90 270 0		10.00001 5 1
279 3.45 195.5		90 270 0		10.00004 5 1
279 3.45 265.5		90 270 0		10.00005 5 1
144.6 3.45 0		90 180 0		10 5 1
104.57 3.45 0		90 180 0		10 5 1
279 3.45 95.5		90 270 0		10.00002 5 1
0.1 3.45 75.5		90 270 0		10.00002 5 1
279 3.45 295.5		90 270 0		10.00007 5 1
84.47 3.45 299		90 180 0		10 5 1
0.1 3.45 135.5		90 270 0		10.00002 5 1
0.1 3.45 265.5		90 270 0		10.00004 5 1
94.57 3.45 0		90 180 0		10 5 1
34.5 3.45 299		90 180 0		10 5 1
264.4 3.45 299		90 180 0		10 5 1
64.57 3.45 0		90 180 0		10 5 1
279 3.45 135.5		90 270 0		10.00003 5 1
0.1 3.45 175.5		90 270 0		10.00002 5 1
279 3.45 275.5		90 270 0		10.00005 5 1
64.47 3.45 299		90 180 0		10 5 1
0.1 3.45 25.5		90 270 0		10 5 1
0.1 3.45 45.5		90 270 0		10 5 1
254.4 3.45 299		90 180 0		10 5 1
0.1 3.45 155.5		90 270 0		10.00003 5 1
0.1 3.45 85.5		90 270 0		10 5 1
274.5 3.45 0		90 180 0		10 5 1
174.5 3.45 299		90 180 0		10 5 1
279 3.45 65.5		90 270 0		10.00002 5 1
0.1 3.45 35.5		90 270 0		10.00001 5 1
279 3.45 85.5		90 270 0		10.00001 5 1
279 3.45 165.5		90 270 0		10.00002 5 1
279 3.45 145.5		90 270 0		10.00003 5 1
0.1 3.45 5.5		90 270 0		10 5 1
134.6 3.45 0		90 180 0		10 5 1
114.57 3.45 0		90 180 0		10 5 1
144.5 3.45 299		90 180 0		10 5 1
94.47 3.45 299		90 180 0		10 5 1
0.1 3.45 285.5		90 270 0		10.00005 5 1
164.6 3.45 0		90 180 0		10 5 1
124.5 3.45 299		90 180 0		10 5 1
214.5 3.45 0		90 180 0		10 5 1
24.5 3.45 299		90 180 0		10 5 1
74.47 3.45 299		90 180 0		10 5 1
0.1 3.45 225.5		90 270 0		10.00003 5 1
279 3.45 125.5		90 270 0		10.00002 5 1
44.6 3.45 0		90 180 0		10 5 1
14.5 3.45 299		90 180 0		10 5 1
279 3.45 155.5		90 270 0		10.00004 5 1
244.4 3.45 299		90 180 0		10 5 1
54.6 3.45 0		90 180 0		10 5 1
164.5 3.45 299		90 180 0		10 5 1
279 3.45 215.5		90 270 0		10.00004 5 1
104.47 3.45 299		90 180 0		10 5 1
244.5 3.45 0		90 180 0		10 5 1
