279 3.45 25.5		90 270 0		10 5 1
-0.5 3.7 125.5		90 270 0		10 5 1
278.55 3.45 0		90 180 0		10 5 1
21.16 3.45 299		90 180 0		10 5 1
178.6 3.45 0		90 180 0		10 5 1
279 3.45 65.5		90 270 0		10 5 1
278.5 3.7 155.5		90 270 0		10 5 1
31.16 3.45 299		90 180 0		10 5 1
0 3.45 35.5		90 270 0		10 5 1
278.5 3.7 175.5		90 270 0		10 5 1
277.9 3.45 299		90 180 0		10 5 1
-0.5 3.7 135.5		90 270 0		10 5 1
10.2 3.45 0		90 180 0		10 5 1
98.6 3.45 0		90 180 0		10 5 1
138.6 3.45 0		90 180 0		10 5 1
0 3.45 5.5		90 270 0		10 5 1
0 3.45 263.5		90 270 0		10 5 1
-0.5 3.7 155.5		90 270 0		10 5 1
279 3.45 85.5		90 270 0		10 5 1
279 3.45 273.5		90 270 0		10 5 1
168.3 3.45 299		90 180 0		10 5 1
30.2 3.45 0		90 180 0		10 5 1
279 3.45 35.5		90 270 0		10 5 1
138.3 3.45 299		90 180 0		10 5 1
128.3 3.45 299		90 180 0		10 5 1
278.5 3.7 165.5		90 270 0		10 5 1
-0.5 3.7 115.5		90 270 0		10 5 1
278.5 3.7 145.5		90 270 0		10 5 1
0 3.45 75.5		90 270 0		10 5 1
0 3.45 85.5		90 270 0		10 5 1
279 3.45 55.5		90 270 0		10 5 1
-0.5 3.7 145.5		90 270 0		10 5 1
11.16 3.45 299		90 180 0		10 5 1
158.6 3.45 0		90 180 0		10 5 1
78.3 3.45 299		90 180 0		10 5 1
267.9 3.45 299		90 180 0		10 5 1
-0.5 3.7 195.5		90 270 0		10 5 1
0 3.45 243.5		90 270 0		10 5 1
50.2 3.45 0		90 180 0		10 5 1
278.5 3.7 125.5		90 270 0		10 5 1
88.3 3.45 299		90 180 0		10 5 1
257.9 3.45 299		90 180 0		10 5 1
168.6 3.45 0		90 180 0		10 5 1
0.2 3.45 0		90 180 0		10 5 1
108.6 3.45 0		90 180 0		10 5 1
278.5 3.7 135.5		90 270 0		10 5 1
228.55 3.45 0		90 180 0		10 5 1
-0.5 3.7 165.5		90 270 0		10 5 1
248.55 3.45 0		90 180 0		10 5 1
41.16 3.45 299		90 180 0		10 5 1
279 3.45 243.5		90 270 0		10 5 1
247.9 3.45 299		90 180 0		10 5 1
268.55 3.45 0		90 180 0		10 5 1
-0.5 3.7 185.5		90 270 0		10 5 1
51.16 3.45 299		90 180 0		10 5 1
278.5 3.7 215.5		90 270 0		10 5 1
1.16 3.45 299		90 180 0		10 5 1
279 3.45 283.5		90 270 0		10 5 1
-0.5 3.7 175.5		90 270 0		10 5 1
0 3.45 65.5		90 270 0		10 5 1
158.3 3.45 299		90 180 0		10 5 1
118.3 3.45 299		90 180 0		10 5 1
237.9 3.45 299		90 180 0		10 5 1
278.5 3.7 195.5		90 270 0		10 5 1
279 3.45 15.5		90 270 0		10 5 1
0 3.45 55.5		90 270 0		10 5 1
88.6 3.45 0		90 180 0		10 5 1
40.2 3.45 0		90 180 0		10 5 1
128.6 3.45 0		90 180 0		10 5 1
178.3 3.45 299		90 180 0		10 5 1
279 3.45 293.5		90 270 0		10 5 1
20.2 3.45 0		90 180 0		10 5 1
278.5 3.7 205.5		90 270 0		10 5 1
0 3.45 45.5		90 270 0		10 5 1
0 3.45 15.5		90 270 0		10 5 1
0 3.45 293.5		90 270 0		10 5 1
279 3.45 263.5		90 270 0		10 5 1
118.6 3.45 0		90 180 0		10 5 1
148.6 3.45 0		90 180 0		10 5 1
258.55 3.45 0		90 180 0		10 5 1
148.3 3.45 299		90 180 0		10 5 1
78.6 3.45 0		90 180 0		10 5 1
0 3.45 283.5		90 270 0		10 5 1
279 3.45 253.5		90 270 0		10 5 1
227.9 3.45 299		90 180 0		10 5 1
278.5 3.7 185.5		90 270 0		10 5 1
238.55 3.45 0		90 180 0		10 5 1
0 3.45 253.5		90 270 0		10 5 1
-0.5 3.7 205.5		90 270 0		10 5 1
0 3.45 273.5		90 270 0		10 5 1
0 3.45 25.5		90 270 0		10 5 1
-0.5 3.7 215.5		90 270 0		10 5 1
98.3 3.45 299		90 180 0		10 5 1
279 3.45 5.5		90 270 0		10 5 1
279 3.45 75.5		90 270 0		10 5 1
108.3 3.45 299		90 180 0		10 5 1
279 3.45 45.5		90 270 0		10 5 1
278.5 3.7 115.5		90 270 0		10 5 1
