260 1.2 112		360 450 0		1 1 1
240 1.2 112		360 450 0		1 1 1
167 1.2 112		360 450 0		1 1 1
139 1.2 112		360 450 0		1 1 1
90 1.2 112		360 450 0		1 1 1
117 1.2 112		360 450 0		1 1 1
38 1.2 112		360 450 0		1 1 1
13 1.2 112		360 450 0		1 1 1
13 1.2 243		360 450 0		1 1 1
38 1.2 243		360 450 0		1 1 1
115 1.2 243		360 450 0		1 1 1
90 1.2 243		360 450 0		1 1 1
139 1.2 243		360 450 0		1 1 1
167 1.2 243		360 450 0		1 1 1
240 1.2 243		360 450 0		1 1 1
260 1.2 243		360 450 0		1 1 1
260 1.2 219		360 270 0		1 1 1
240 1.2 219		360 270 0		1 1 1
167 1.2 219		360 270 0		1 1 1
139 1.2 219		360 270 0		1 1 1
90 1.2 219		360 270 0		1 1 1
115 1.2 219		360 270 0		1 1 1
38 1.2 219		360 270 0		1 1 1
13 1.2 219		360 270 0		1 1 1
13 1.2 89		360 270 0		1 1 1
38 1.2 89		360 270 0		1 1 1
115 1.2 89		360 270 0		1 1 1
90 1.2 89		360 270 0		1 1 1
139 1.2 89		360 270 0		1 1 1
167 1.2 89		360 270 0		1 1 1
240 1.2 89		360 270 0		1 1 1
260 1.2 89		360 270 0		1 1 1
181 1.2 20		360 360 0		1 1 1
181 1.2 50		360 360 0		1 1 1
181 1.2 80		360 360 0		1 1 1
181 1.2 130		360 360 0		1 1 1
181 1.2 165		360 360 0		1 1 1
181 1.2 185		360 360 0		1 1 1
181 1.2 205		360 360 0		1 1 1
181 1.2 260		360 360 0		1 1 1
181 1.2 280		360 360 0		1 1 1
226 1.2 280		360 180 0		1 1 1
226 1.2 260		360 180 0		1 1 1
226 1.2 205		360 180 0		1 1 1
226 1.2 185		360 180 0		1 1 1
226 1.2 165		360 180 0		1 1 1
226 1.2 130		360 180 0		1 1 1
226 1.2 80		360 180 0		1 1 1
226 1.2 50		360 180 0		1 1 1
226 1.2 20		360 180 0		1 1 1
52 1.2 280		360 360 0		1 1 1
52 1.2 260		360 360 0		1 1 1
52 1.2 205		360 360 0		1 1 1
52 1.2 185		360 360 0		1 1 1
52 1.2 165		360 360 0		1 1 1
52 1.2 130		360 360 0		1 1 1
52 1.2 80		360 360 0		1 1 1
52 1.2 50		360 360 0		1 1 1
52 1.2 20		360 360 0		1 1 1
76 1.2 20		360 180 0		1 1 1
76 1.2 50		360 180 0		1 1 1
76 1.2 80		360 180 0		1 1 1
76 1.2 130		360 180 0		1 1 1
76 1.2 165		360 180 0		1 1 1
76 1.2 185		360 180 0		1 1 1
76 1.2 205		360 180 0		1 1 1
76 1.2 260		360 180 0		1 1 1
76 1.2 280		360 180 0		1 1 1
