122.3 0.5 243.13		360 450 0		1 1 1
182.85 0.5 172.5		360 360 0		1 1 1
116.4 0.5 88.47		360 270 0		1 1 1
244.2 0.5 218.43		360 270 0		1 1 1
264.2 0.5 88.47		360 270 0		1 1 1
136.4 0.5 88.47		360 270 0		1 1 1
182.85 0.5 64		360 360 0		1 1 1
122.3 0.5 113.1		360 450 0		1 1 1
50.1 0.5 152.5		360 360 0		1.000001 1 1
10.4 0.5 243.13		360 450 0		1 1 1
226 0.5 52.5		360 180 0		1 1 1
116.4 0.5 218.43		360 270 0		1 1 1
182.85 0.5 281.9		360 360 0		1 1 1
30.4 0.5 243.13		360 450 0		1 1 1
182.85 0.5 44		360 360 0		1 1 1
75.47 0.5 32.5		360 180 0		1 1 1
50.1 0.5 4		360 360 0		1 1 1
24.5 0.5 88.47		360 270 0		1 1 1
162.3 0.5 113.1		360 450 0		1 1 1
264.2 0.5 218.43		360 270 0		1 1 1
244.2 0.5 88.47		360 270 0		1 1 1
182.85 0.5 4		360 360 0		1 1 1
250.1 0.5 243.13		360 450 0		1 1 1
4.5 0.5 88.47		360 270 0		1.000001 1 1
50.1 0.5 64		360 360 0		1 1 1
50.1 0.5 24		360 360 0		1 1 1
156.4 0.5 218.43		360 270 0		1 1 1
24.5 0.5 218.43		360 270 0		1 1 1
4.5 0.5 218.43		360 270 0		1 1 1
182.85 0.5 132.5		360 360 0		1 1 1
75.47 0.5 72.5		360 180 0		1 1 1
50.1 0.5 281.9		360 360 0		1.000001 1 1
142.3 0.5 113.1		360 450 0		1 1 1
226 0.5 32.5		360 180 0		1 1 1
50.1 0.5 132.5		360 360 0		1.000001 1 1
225.61 0.5 181		360 180 0		1 1 1
136.4 0.5 218.43		360 270 0		1 1 1
182.85 0.5 200.9		360 360 0		1 1 1
50.1 0.5 44		360 360 0		1 1 1
270.1 0.5 113.1		360 450 0		1 1 1
270.1 0.5 243.13		360 450 0		1 1 1
182.85 0.5 261.9		360 360 0		1 1 1
102.3 0.5 243.13		360 450 0		1 1 1
225.61 0.5 290.4		360 180 0		1 1 1
102.3 0.5 113.1		360 450 0		1 1 1
75.47 0.5 290.4		360 180 0		1 1 1
225.61 0.5 161		360 180 0		1 1 1
225.61 0.5 201		360 180 0		1 1 1
10.4 0.5 113.1		360 450 0		1 1 1
75.47 0.5 141		360 180 0		1 1 1
142.3 0.5 243.13		360 450 0		1 1 1
225.61 0.5 270.4		360 180 0		1 1 1
75.47 0.5 12.5		360 180 0		1 1 1
226 0.5 72.5		360 180 0		1 1 1
75.47 0.5 270.4		360 180 0		1 1 1
96.4 0.5 218.43		360 270 0		1 1 1
75.47 0.5 181		360 180 0		1 1 1
30.4 0.5 113.1		360 450 0		1 1 1
50.1 0.5 172.5		360 360 0		1.000001 1 1
226 0.5 12.5		360 180 0		1 1 1
50.1 0.5 192.5		360 360 0		1.000001 1 1
225.61 0.5 141		360 180 0		1 1 1
182.85 0.5 152.5		360 360 0		1 1 1
156.4 0.5 88.47		360 270 0		1 1 1
75.47 0.5 201		360 180 0		1 1 1
75.47 0.5 161		360 180 0		1 1 1
50.1 0.5 261.9		360 360 0		1.000001 1 1
162.3 0.5 243.13		360 450 0		1 1 1
182.85 0.5 24		360 360 0		1 1 1
96.4 0.5 88.47		360 270 0		1 1 1
75.47 0.5 52.5		360 180 0		1 1 1
250.1 0.5 113.1		360 450 0		1 1 1
