68.71 2.2 92.28		360 220.4838 0		1 1 1
69.42 4.201 91.67		360 220.4838 0		1 1 1
71.27 4.2 90.09		360 220.4838 0		1 1 1
70.44 2.2 90.8		360 220.4838 0		1 1 1
72.18 2.2 89.31		360 220.4838 0		1 1 1
122 4.23 94.27		360 180 0		1 1 1
122 4.23 91.34		360 180 0		1 1 1
191.101 4.233 174.8		360 180 0		1 1 1
117.351 4.273 161.09		360 180 0		1 1 1
137.5 2.2 162.32		360 180 0		1 1 1
137.5 4.233 164.353		360 180 0		1 1 1
137.499 2.2 164.353		360 180 0		1 1 1
135.4 2.2 160.22		360 180 0		1 1 1
133.4 2.2 160.22		360 180 0		1 1 1
133.401 4.233 160.22		360 180 0		1 1 1
96.264 4.272 172.384		360 180 0		1 1 1
100.33 4.27 172.38		360 180 0		1 1 1
96.263 2.239 172.384		360 180 0		1 1 1
98.296 2.238 172.384		360 180 0		1 1 1
129.289 4.234 210.579		360 180 0		1 1 1
139.68 2.24 177.657		360 180 0		1 1 1
129.7 2.2 118.57		360 180 0		1 1 1
129.6 4.2 120.71		360 180 0		1 1 1
129.7 2.2 120.67		360 180 0		1 1 1
64.97 2.2 119.51		360 180 0		1 1 1
62.914 2.2 119.51		360 180 0		1 1 1
62.914 4.23 119.51		360 180 0		1 1 1
60.861 4.23 119.51		360 180 0		1 1 1
60.861 2.2 119.51		360 180 0		1 1 1
122 2.2 91.76		360 180 0		1 1 1
104.13 2.200005 143		360 180 0		1 1 1
113.12 2.240002 167.49		360 180 0		1 1 1
210.24 2.2 195.89		360 180 0		1 1 1
139.68 2.24 179.69		360 180 0		1 1 1
117.35 2.24 163.123		360 180 0		1 1 1
58.8 2.2 119.51		360 180 0		1 1 1
69.668 2.06 150.903		360 225 0		1 1 1
68.28 4.05 152.33		360 225 0		1 1 1
113.12 4.240009 167.17		360 180 0		1 1 1
117.35 2.239998 161.09		360 180 0		1 1 1
123 2.008 239		360 180 0		1 1 1
163.743 2.239 174.25		360 180 0		1 1 1
56.766 2.201 119.509		360 180 0		1 1 1
159.73 2.2 120.67		360 180 0		1 1 1
151.57 4.24 162.95		360 205 0		1 1 1
68.23 2.06 152.34		360 225 0		1 1 1
161.71 2.239994 174.25		360 180 0		1 1 1
73.69 2.2 249.32		360 180 0		1 1 1
104.13 4.230011 143		360 180 0		1 1 1
191.1 2.2 176.8		360 180 0		1 1 1
129.29 2.2 210.58		360 180 0		1 1 1
139.681 4.273 179.69		360 180 0		1 1 1
159.65 4.2 120.71		360 180 0		1 1 1
100.33 2.24 176.453		360 180 0		1 1 1
104.13 2.200005 145.03		360 180 0		1 1 1
129.29 2.2 212.58		360 180 0		1 1 1
122 2.2 93.79		360 180 0		1 1 1
100.33 4.27 176.45		360 180 0		1 1 1
151.74 2.24 163.32		360 205 0		1 1 1
152.62 2.24 165.16		360 205 0		1 1 1
113.12 2.239998 169.52		360 180 0		1 1 1
131.41 2.04 105.77		360 248 0		1 1 1
130.65 4.07 107.66		360 248 0		1 1 1
100.33 2.24 172.39		360 180 0		1 1 1
191.1 2.2 174.8		360 180 0		1 1 1
189.1 2.2 174.8		360 180 0		1 1 1
159.73 2.2 118.57		360 180 0		1 1 1
123 2.199 241		360 180 0		1 1 1
100.33 2.24 174.42		360 180 0		1 1 1
58.8 4.23 119.51		360 180 0		1 1 1
73.69 4.23 249.32		360 180 0		1 1 1
130.65 2.04 107.66		360 248 0		1 1 1
161.71 4.240002 174.25		360 180 0		1 1 1
113.12 4.240002 169.902		360 180 0		1 1 1
208.12 4.07 195.58		360 180 0		1 1 1
152.78 4.24 165.51		360 205 0		1 1 1
208.21 2.2 195.89		360 180 0		1 1 1
73.69 2.2 251.35		360 180 0		1 1 1
